0.00000e+00	0.00000e+00	0.00000e+00
0.00000e+00	5.00000e-03	-1.60583e-04
0.00000e+00	1.50000e-02	-1.60583e-04
0.00000e+00	2.50000e-02	-1.60583e-04
0.00000e+00	3.50000e-02	-1.60914e-04
0.00000e+00	4.50000e-02	-1.61437e-04
0.00000e+00	5.50000e-02	-1.62140e-04
0.00000e+00	6.50000e-02	-1.63085e-04
0.00000e+00	7.50000e-02	-1.64380e-04
0.00000e+00	8.50000e-02	-1.66177e-04
0.00000e+00	9.50000e-02	-1.68682e-04
0.00000e+00	1.05000e-01	-1.72167e-04
0.00000e+00	1.15000e-01	-1.76988e-04
0.00000e+00	1.25000e-01	-1.83614e-04
0.00000e+00	1.35000e-01	-1.92630e-04
0.00000e+00	1.45000e-01	-2.04730e-04
0.00000e+00	1.55000e-01	-2.20592e-04
0.00000e+00	1.65000e-01	-2.40468e-04
0.00000e+00	1.75000e-01	-2.62899e-04
0.00000e+00	1.85000e-01	-2.80921e-04
0.00000e+00	1.95000e-01	-2.71177e-04
0.00000e+00	2.05000e-01	-1.66426e-04
0.00000e+00	2.15000e-01	1.93505e-04
0.00000e+00	2.25000e-01	7.07560e-05
0.00000e+00	2.35000e-01	4.87713e-05
0.00000e+00	2.45000e-01	4.56664e-05
0.00000e+00	2.55000e-01	4.08915e-05
0.00000e+00	2.65000e-01	1.10748e-05
0.00000e+00	2.75000e-01	-1.34028e-04
0.00000e+00	2.85000e-01	1.91866e-04
0.00000e+00	2.95000e-01	2.77701e-04
0.00000e+00	3.05000e-01	2.80731e-04
0.00000e+00	3.15000e-01	2.62735e-04
0.00000e+00	3.25000e-01	2.43466e-04
0.00000e+00	3.35000e-01	2.27610e-04
0.00000e+00	3.45000e-01	2.15091e-04
0.00000e+00	3.55000e-01	2.04605e-04
0.00000e+00	3.65000e-01	1.94761e-04
0.00000e+00	3.75000e-01	1.84419e-04
0.00000e+00	3.85000e-01	1.72764e-04
0.00000e+00	3.95000e-01	1.59304e-04
0.00000e+00	4.05000e-01	1.43851e-04
0.00000e+00	4.15000e-01	1.26505e-04
0.00000e+00	4.25000e-01	1.07633e-04
0.00000e+00	4.35000e-01	8.78418e-05
0.00000e+00	4.45000e-01	6.79430e-05
0.00000e+00	4.55000e-01	4.89031e-05
0.00000e+00	4.65000e-01	3.17742e-05
0.00000e+00	4.75000e-01	1.76023e-05
0.00000e+00	4.85000e-01	7.30100e-06
0.00000e+00	4.95000e-01	1.45845e-06

1.00000e-02	0.00000e+00	0.00000e+00
1.00000e-02	5.00000e-03	-8.51283e-04
1.00000e-02	1.50000e-02	-8.51283e-04
1.00000e-02	2.50000e-02	-8.51284e-04
1.00000e-02	3.50000e-02	-8.51819e-04
1.00000e-02	4.50000e-02	-8.52908e-04
1.00000e-02	5.50000e-02	-8.54669e-04
1.00000e-02	6.50000e-02	-8.57317e-04
1.00000e-02	7.50000e-02	-8.61170e-04
1.00000e-02	8.50000e-02	-8.66660e-04
1.00000e-02	9.50000e-02	-8.74343e-04
1.00000e-02	1.05000e-01	-8.84897e-04
1.00000e-02	1.15000e-01	-8.99096e-04
1.00000e-02	1.25000e-01	-9.17709e-04
1.00000e-02	1.35000e-01	-9.41228e-04
1.00000e-02	1.45000e-01	-9.69262e-04
1.00000e-02	1.55000e-01	-9.99159e-04
1.00000e-02	1.65000e-01	-1.02303e-03
1.00000e-02	1.75000e-01	-1.02152e-03
1.00000e-02	1.85000e-01	-9.51742e-04
1.00000e-02	1.95000e-01	-7.27953e-04
1.00000e-02	2.05000e-01	1.79818e-03
1.00000e-02	2.15000e-01	4.80581e-03
1.00000e-02	2.25000e-01	4.43789e-03
1.00000e-02	2.35000e-01	4.31582e-03
1.00000e-02	2.45000e-01	4.25985e-03
1.00000e-02	2.55000e-01	4.19181e-03
1.00000e-02	2.65000e-01	2.02384e-03
1.00000e-02	2.75000e-01	-4.42758e-04
1.00000e-02	2.85000e-01	4.38144e-04
1.00000e-02	2.95000e-01	8.60590e-04
1.00000e-02	3.05000e-01	1.02718e-03
1.00000e-02	3.15000e-01	1.07402e-03
1.00000e-02	3.25000e-01	1.07212e-03
1.00000e-02	3.35000e-01	1.05256e-03
1.00000e-02	3.45000e-01	1.02636e-03
1.00000e-02	3.55000e-01	9.95701e-04
1.00000e-02	3.65000e-01	9.59421e-04
1.00000e-02	3.75000e-01	9.15514e-04
1.00000e-02	3.85000e-01	8.62219e-04
1.00000e-02	3.95000e-01	7.98499e-04
1.00000e-02	4.05000e-01	7.24242e-04
1.00000e-02	4.15000e-01	6.40349e-04
1.00000e-02	4.25000e-01	5.48732e-04
1.00000e-02	4.35000e-01	4.52271e-04
1.00000e-02	4.45000e-01	3.54698e-04
1.00000e-02	4.55000e-01	2.60424e-04
1.00000e-02	4.65000e-01	1.74279e-04
1.00000e-02	4.75000e-01	1.01165e-04
1.00000e-02	4.85000e-01	4.56080e-05
1.00000e-02	4.95000e-01	1.12110e-05

3.00000e-02	0.00000e+00	-6.07370e-11
3.00000e-02	5.00000e-03	-1.13665e-03
3.00000e-02	1.50000e-02	-1.13732e-03
3.00000e-02	2.50000e-02	-1.13836e-03
3.00000e-02	3.50000e-02	-1.13839e-03
3.00000e-02	4.50000e-02	-1.13829e-03
3.00000e-02	5.50000e-02	-1.13851e-03
3.00000e-02	6.50000e-02	-1.13924e-03
3.00000e-02	7.50000e-02	-1.14065e-03
3.00000e-02	8.50000e-02	-1.14286e-03
3.00000e-02	9.50000e-02	-1.14598e-03
3.00000e-02	1.05000e-01	-1.14996e-03
3.00000e-02	1.15000e-01	-1.15446e-03
3.00000e-02	1.25000e-01	-1.15829e-03
3.00000e-02	1.35000e-01	-1.15849e-03
3.00000e-02	1.45000e-01	-1.14829e-03
3.00000e-02	1.55000e-01	-1.11275e-03
3.00000e-02	1.65000e-01	-1.01892e-03
3.00000e-02	1.75000e-01	-7.92991e-04
3.00000e-02	1.85000e-01	-2.72526e-04
3.00000e-02	1.95000e-01	8.54338e-04
3.00000e-02	2.05000e-01	2.94272e-03
3.00000e-02	2.15000e-01	4.60582e-03
3.00000e-02	2.25000e-01	4.65649e-03
3.00000e-02	2.35000e-01	4.51952e-03
3.00000e-02	2.45000e-01	4.32573e-03
3.00000e-02	2.55000e-01	3.88543e-03
3.00000e-02	2.65000e-01	2.36371e-03
3.00000e-02	2.75000e-01	5.37296e-04
3.00000e-02	2.85000e-01	2.07923e-04
3.00000e-02	2.95000e-01	4.17894e-04
3.00000e-02	3.05000e-01	6.92628e-04
3.00000e-02	3.15000e-01	9.00008e-04
3.00000e-02	3.25000e-01	1.03113e-03
3.00000e-02	3.35000e-01	1.10434e-03
3.00000e-02	3.45000e-01	1.13658e-03
3.00000e-02	3.55000e-01	1.13876e-03
3.00000e-02	3.65000e-01	1.11703e-03
3.00000e-02	3.75000e-01	1.07483e-03
3.00000e-02	3.85000e-01	1.01435e-03
3.00000e-02	3.95000e-01	9.37483e-04
3.00000e-02	4.05000e-01	8.46373e-04
3.00000e-02	4.15000e-01	7.43715e-04
3.00000e-02	4.25000e-01	6.32879e-04
3.00000e-02	4.35000e-01	5.17940e-04
3.00000e-02	4.45000e-01	4.03607e-04
3.00000e-02	4.55000e-01	2.95072e-04
3.00000e-02	4.65000e-01	1.97750e-04
3.00000e-02	4.75000e-01	1.16853e-04
3.00000e-02	4.85000e-01	5.67065e-05
3.00000e-02	4.95000e-01	1.80149e-05

5.00000e-02	0.00000e+00	-1.31627e-10
5.00000e-02	5.00000e-03	-1.15905e-03
5.00000e-02	1.50000e-02	-1.15959e-03
5.00000e-02	2.50000e-02	-1.16068e-03
5.00000e-02	3.50000e-02	-1.16046e-03
5.00000e-02	4.50000e-02	-1.15924e-03
5.00000e-02	5.50000e-02	-1.15703e-03
5.00000e-02	6.50000e-02	-1.15357e-03
5.00000e-02	7.50000e-02	-1.14842e-03
5.00000e-02	8.50000e-02	-1.14092e-03
5.00000e-02	9.50000e-02	-1.13004e-03
5.00000e-02	1.05000e-01	-1.11414e-03
5.00000e-02	1.15000e-01	-1.09039e-03
5.00000e-02	1.25000e-01	-1.05378e-03
5.00000e-02	1.35000e-01	-9.95301e-04
5.00000e-02	1.45000e-01	-8.98606e-04
5.00000e-02	1.55000e-01	-7.34141e-04
5.00000e-02	1.65000e-01	-4.49874e-04
5.00000e-02	1.75000e-01	3.91201e-05
5.00000e-02	1.85000e-01	8.48317e-04
5.00000e-02	1.95000e-01	2.04497e-03
5.00000e-02	2.05000e-01	3.52585e-03
5.00000e-02	2.15000e-01	4.59146e-03
5.00000e-02	2.25000e-01	4.76120e-03
5.00000e-02	2.35000e-01	4.59391e-03
5.00000e-02	2.45000e-01	4.24850e-03
5.00000e-02	2.55000e-01	3.59809e-03
5.00000e-02	2.65000e-01	2.37320e-03
5.00000e-02	2.75000e-01	1.04837e-03
5.00000e-02	2.85000e-01	4.44613e-04
5.00000e-02	2.95000e-01	3.36868e-04
5.00000e-02	3.05000e-01	4.55735e-04
5.00000e-02	3.15000e-01	6.28790e-04
5.00000e-02	3.25000e-01	7.81893e-04
5.00000e-02	3.35000e-01	8.93091e-04
5.00000e-02	3.45000e-01	9.61530e-04
5.00000e-02	3.55000e-01	9.92362e-04
5.00000e-02	3.65000e-01	9.91244e-04
5.00000e-02	3.75000e-01	9.62994e-04
5.00000e-02	3.85000e-01	9.11673e-04
5.00000e-02	3.95000e-01	8.40978e-04
5.00000e-02	4.05000e-01	7.54584e-04
5.00000e-02	4.15000e-01	6.56383e-04
5.00000e-02	4.25000e-01	5.50613e-04
5.00000e-02	4.35000e-01	4.41913e-04
5.00000e-02	4.45000e-01	3.35317e-04
5.00000e-02	4.55000e-01	2.36184e-04
5.00000e-02	4.65000e-01	1.50075e-04
5.00000e-02	4.75000e-01	8.25607e-05
5.00000e-02	4.85000e-01	3.89820e-05
5.00000e-02	4.95000e-01	1.81733e-05

7.00000e-02	0.00000e+00	-1.99324e-10
7.00000e-02	5.00000e-03	-9.26165e-04
7.00000e-02	1.50000e-02	-9.26108e-04
7.00000e-02	2.50000e-02	-9.26214e-04
7.00000e-02	3.50000e-02	-9.24793e-04
7.00000e-02	4.50000e-02	-9.21161e-04
7.00000e-02	5.50000e-02	-9.14316e-04
7.00000e-02	6.50000e-02	-9.03017e-04
7.00000e-02	7.50000e-02	-8.85752e-04
7.00000e-02	8.50000e-02	-8.60589e-04
7.00000e-02	9.50000e-02	-8.24883e-04
7.00000e-02	1.05000e-01	-7.74784e-04
7.00000e-02	1.15000e-01	-7.04437e-04
7.00000e-02	1.25000e-01	-6.04704e-04
7.00000e-02	1.35000e-01	-4.61215e-04
7.00000e-02	1.45000e-01	-2.51617e-04
7.00000e-02	1.55000e-01	5.75048e-05
7.00000e-02	1.65000e-01	5.11901e-04
7.00000e-02	1.75000e-01	1.16395e-03
7.00000e-02	1.85000e-01	2.03281e-03
7.00000e-02	1.95000e-01	3.05929e-03
7.00000e-02	2.05000e-01	4.09068e-03
7.00000e-02	2.15000e-01	4.75947e-03
7.00000e-02	2.25000e-01	4.83791e-03
7.00000e-02	2.35000e-01	4.56062e-03
7.00000e-02	2.45000e-01	4.05177e-03
7.00000e-02	2.55000e-01	3.26970e-03
7.00000e-02	2.65000e-01	2.18280e-03
7.00000e-02	2.75000e-01	1.11585e-03
7.00000e-02	2.85000e-01	4.68339e-04
7.00000e-02	2.95000e-01	2.00944e-04
7.00000e-02	3.05000e-01	1.83696e-04
7.00000e-02	3.15000e-01	2.78742e-04
7.00000e-02	3.25000e-01	4.02980e-04
7.00000e-02	3.35000e-01	5.14467e-04
7.00000e-02	3.45000e-01	5.96852e-04
7.00000e-02	3.55000e-01	6.46474e-04
7.00000e-02	3.65000e-01	6.64976e-04
7.00000e-02	3.75000e-01	6.55878e-04
7.00000e-02	3.85000e-01	6.23253e-04
7.00000e-02	3.95000e-01	5.71329e-04
7.00000e-02	4.05000e-01	5.04406e-04
7.00000e-02	4.15000e-01	4.26890e-04
7.00000e-02	4.25000e-01	3.43340e-04
7.00000e-02	4.35000e-01	2.58513e-04
7.00000e-02	4.45000e-01	1.77406e-04
7.00000e-02	4.55000e-01	1.05296e-04
7.00000e-02	4.65000e-01	4.77801e-05
7.00000e-02	4.75000e-01	1.08632e-05
7.00000e-02	4.85000e-01	1.14400e-06
7.00000e-02	4.95000e-01	1.40643e-05

9.00000e-02	0.00000e+00	-2.70633e-10
9.00000e-02	5.00000e-03	-4.50542e-04
9.00000e-02	1.50000e-02	-4.49634e-04
9.00000e-02	2.50000e-02	-4.47948e-04
9.00000e-02	3.50000e-02	-4.43609e-04
9.00000e-02	4.50000e-02	-4.34392e-04
9.00000e-02	5.50000e-02	-4.17880e-04
9.00000e-02	6.50000e-02	-3.91544e-04
9.00000e-02	7.50000e-02	-3.52568e-04
9.00000e-02	8.50000e-02	-2.97514e-04
9.00000e-02	9.50000e-02	-2.21866e-04
9.00000e-02	1.05000e-01	-1.19416e-04
9.00000e-02	1.15000e-01	1.85355e-05
9.00000e-02	1.25000e-01	2.04146e-04
9.00000e-02	1.35000e-01	4.54008e-04
9.00000e-02	1.45000e-01	7.89580e-04
9.00000e-02	1.55000e-01	1.23587e-03
9.00000e-02	1.65000e-01	1.81414e-03
9.00000e-02	1.75000e-01	2.51706e-03
9.00000e-02	1.85000e-01	3.29524e-03
9.00000e-02	1.95000e-01	4.06984e-03
9.00000e-02	2.05000e-01	4.71957e-03
9.00000e-02	2.15000e-01	5.03105e-03
9.00000e-02	2.25000e-01	4.88929e-03
9.00000e-02	2.35000e-01	4.41399e-03
9.00000e-02	2.45000e-01	3.70728e-03
9.00000e-02	2.55000e-01	2.79412e-03
9.00000e-02	2.65000e-01	1.73921e-03
9.00000e-02	2.75000e-01	7.73304e-04
9.00000e-02	2.85000e-01	1.18601e-04
9.00000e-02	2.95000e-01	-2.21806e-04
9.00000e-02	3.05000e-01	-3.21923e-04
9.00000e-02	3.15000e-01	-2.76362e-04
9.00000e-02	3.25000e-01	-1.71259e-04
9.00000e-02	3.35000e-01	-5.66787e-05
9.00000e-02	3.45000e-01	4.22146e-05
9.00000e-02	3.55000e-01	1.14918e-04
9.00000e-02	3.65000e-01	1.59285e-04
9.00000e-02	3.75000e-01	1.77368e-04
9.00000e-02	3.85000e-01	1.73075e-04
9.00000e-02	3.95000e-01	1.50987e-04
9.00000e-02	4.05000e-01	1.15841e-04
9.00000e-02	4.15000e-01	7.23584e-05
9.00000e-02	4.25000e-01	2.52255e-05
9.00000e-02	4.35000e-01	-2.08460e-05
9.00000e-02	4.45000e-01	-6.10329e-05
9.00000e-02	4.55000e-01	-9.02831e-05
9.00000e-02	4.65000e-01	-1.03144e-04
9.00000e-02	4.75000e-01	-9.34803e-05
9.00000e-02	4.85000e-01	-5.39755e-05
9.00000e-02	4.95000e-01	5.73148e-06

1.10000e-01	0.00000e+00	-3.47519e-10
1.10000e-01	5.00000e-03	2.48057e-04
1.10000e-01	1.50000e-02	2.50028e-04
1.10000e-01	2.50000e-02	2.54372e-04
1.10000e-01	3.50000e-02	2.65244e-04
1.10000e-01	4.50000e-02	2.87037e-04
1.10000e-01	5.50000e-02	3.23484e-04
1.10000e-01	6.50000e-02	3.78134e-04
1.10000e-01	7.50000e-02	4.54882e-04
1.10000e-01	8.50000e-02	5.58460e-04
1.10000e-01	9.50000e-02	6.94917e-04
1.10000e-01	1.05000e-01	8.72060e-04
1.10000e-01	1.15000e-01	1.09976e-03
1.10000e-01	1.25000e-01	1.38981e-03
1.10000e-01	1.35000e-01	1.75496e-03
1.10000e-01	1.45000e-01	2.20614e-03
1.10000e-01	1.55000e-01	2.74434e-03
1.10000e-01	1.65000e-01	3.34966e-03
1.10000e-01	1.75000e-01	3.97869e-03
1.10000e-01	1.85000e-01	4.58271e-03
1.10000e-01	1.95000e-01	5.09879e-03
1.10000e-01	2.05000e-01	5.41618e-03
1.10000e-01	2.15000e-01	5.38386e-03
1.10000e-01	2.25000e-01	4.91162e-03
1.10000e-01	2.35000e-01	4.13324e-03
1.10000e-01	2.45000e-01	3.16345e-03
1.10000e-01	2.55000e-01	2.06732e-03
1.10000e-01	2.65000e-01	9.39038e-04
1.10000e-01	2.75000e-01	-4.09325e-05
1.10000e-01	2.85000e-01	-6.87538e-04
1.10000e-01	2.95000e-01	-1.03536e-03
1.10000e-01	3.05000e-01	-1.15797e-03
1.10000e-01	3.15000e-01	-1.12488e-03
1.10000e-01	3.25000e-01	-1.00758e-03
1.10000e-01	3.35000e-01	-8.62227e-04
1.10000e-01	3.45000e-01	-7.24858e-04
1.10000e-01	3.55000e-01	-6.10647e-04
1.10000e-01	3.65000e-01	-5.23907e-04
1.10000e-01	3.75000e-01	-4.63123e-04
1.10000e-01	3.85000e-01	-4.24141e-04
1.10000e-01	3.95000e-01	-4.01913e-04
1.10000e-01	4.05000e-01	-3.91270e-04
1.10000e-01	4.15000e-01	-3.87183e-04
1.10000e-01	4.25000e-01	-3.84780e-04
1.10000e-01	4.35000e-01	-3.79269e-04
1.10000e-01	4.45000e-01	-3.65830e-04
1.10000e-01	4.55000e-01	-3.39476e-04
1.10000e-01	4.65000e-01	-2.94838e-04
1.10000e-01	4.75000e-01	-2.25811e-04
1.10000e-01	4.85000e-01	-1.24869e-04
1.10000e-01	4.95000e-01	-7.71353e-06

1.30000e-01	0.00000e+00	-4.24143e-10
1.30000e-01	5.00000e-03	1.12097e-03
1.30000e-01	1.50000e-02	1.12458e-03
1.30000e-01	2.50000e-02	1.13351e-03
1.30000e-01	3.50000e-02	1.15831e-03
1.30000e-01	4.50000e-02	1.20449e-03
1.30000e-01	5.50000e-02	1.27569e-03
1.30000e-01	6.50000e-02	1.37545e-03
1.30000e-01	7.50000e-02	1.50787e-03
1.30000e-01	8.50000e-02	1.67777e-03
1.30000e-01	9.50000e-02	1.89079e-03
1.30000e-01	1.05000e-01	2.15302e-03
1.30000e-01	1.15000e-01	2.47037e-03
1.30000e-01	1.25000e-01	2.84711e-03
1.30000e-01	1.35000e-01	3.28355e-03
1.30000e-01	1.45000e-01	3.77040e-03
1.30000e-01	1.55000e-01	4.28300e-03
1.30000e-01	1.65000e-01	4.79095e-03
1.30000e-01	1.75000e-01	5.27511e-03
1.30000e-01	1.85000e-01	5.70575e-03
1.30000e-01	1.95000e-01	6.02727e-03
1.30000e-01	2.05000e-01	6.14447e-03
1.30000e-01	2.15000e-01	5.87314e-03
1.30000e-01	2.25000e-01	4.77468e-03
1.30000e-01	2.35000e-01	3.58666e-03
1.30000e-01	2.45000e-01	2.34433e-03
1.30000e-01	2.55000e-01	1.07209e-03
1.30000e-01	2.65000e-01	-1.93992e-04
1.30000e-01	2.75000e-01	-1.40573e-03
1.30000e-01	2.85000e-01	-1.91387e-03
1.30000e-01	2.95000e-01	-2.10546e-03
1.30000e-01	3.05000e-01	-2.14219e-03
1.30000e-01	3.15000e-01	-2.08663e-03
1.30000e-01	3.25000e-01	-1.96339e-03
1.30000e-01	3.35000e-01	-1.80295e-03
1.30000e-01	3.45000e-01	-1.63174e-03
1.30000e-01	3.55000e-01	-1.46978e-03
1.30000e-01	3.65000e-01	-1.32734e-03
1.30000e-01	3.75000e-01	-1.20731e-03
1.30000e-01	3.85000e-01	-1.10824e-03
1.30000e-01	3.95000e-01	-1.02634e-03
1.30000e-01	4.05000e-01	-9.56746e-04
1.30000e-01	4.15000e-01	-8.94221e-04
1.30000e-01	4.25000e-01	-8.33484e-04
1.30000e-01	4.35000e-01	-7.69285e-04
1.30000e-01	4.45000e-01	-6.96372e-04
1.30000e-01	4.55000e-01	-6.09379e-04
1.30000e-01	4.65000e-01	-5.02657e-04
1.30000e-01	4.75000e-01	-3.69961e-04
1.30000e-01	4.85000e-01	-2.03803e-04
1.30000e-01	4.95000e-01	-2.57501e-05

1.50000e-01	0.00000e+00	-4.64566e-10
1.50000e-01	5.00000e-03	2.04547e-03
1.50000e-01	1.50000e-02	2.05273e-03
1.50000e-01	2.50000e-02	2.07133e-03
1.50000e-01	3.50000e-02	2.11856e-03
1.50000e-01	4.50000e-02	2.19679e-03
1.50000e-01	5.50000e-02	2.30702e-03
1.50000e-01	6.50000e-02	2.45071e-03
1.50000e-01	7.50000e-02	2.62968e-03
1.50000e-01	8.50000e-02	2.84578e-03
1.50000e-01	9.50000e-02	3.10015e-03
1.50000e-01	1.05000e-01	3.39228e-03
1.50000e-01	1.15000e-01	3.71861e-03
1.50000e-01	1.25000e-01	4.07063e-03
1.50000e-01	1.35000e-01	4.42958e-03
1.50000e-01	1.45000e-01	4.77061e-03
1.50000e-01	1.55000e-01	5.07428e-03
1.50000e-01	1.65000e-01	5.31583e-03
1.50000e-01	1.75000e-01	5.44928e-03
1.50000e-01	1.85000e-01	5.40928e-03
1.50000e-01	1.95000e-01	5.10681e-03
1.50000e-01	2.05000e-01	4.45008e-03
1.50000e-01	2.15000e-01	3.53915e-03
1.50000e-01	2.25000e-01	2.69045e-03
1.50000e-01	2.35000e-01	1.95177e-03
1.50000e-01	2.45000e-01	1.27421e-03
1.50000e-01	2.55000e-01	6.57265e-04
1.50000e-01	2.65000e-01	1.28671e-04
1.50000e-01	2.75000e-01	-4.28314e-04
1.50000e-01	2.85000e-01	-1.03282e-03
1.50000e-01	2.95000e-01	-1.49828e-03
1.50000e-01	3.05000e-01	-1.80365e-03
1.50000e-01	3.15000e-01	-1.98562e-03
1.50000e-01	3.25000e-01	-2.07953e-03
1.50000e-01	3.35000e-01	-2.10000e-03
1.50000e-01	3.45000e-01	-2.05917e-03
1.50000e-01	3.55000e-01	-1.97732e-03
1.50000e-01	3.65000e-01	-1.87285e-03
1.50000e-01	3.75000e-01	-1.75953e-03
1.50000e-01	3.85000e-01	-1.64561e-03
1.50000e-01	3.95000e-01	-1.53477e-03
1.50000e-01	4.05000e-01	-1.42739e-03
1.50000e-01	4.15000e-01	-1.32164e-03
1.50000e-01	4.25000e-01	-1.21437e-03
1.50000e-01	4.35000e-01	-1.10152e-03
1.50000e-01	4.45000e-01	-9.78445e-04
1.50000e-01	4.55000e-01	-8.39983e-04
1.50000e-01	4.65000e-01	-6.80538e-04
1.50000e-01	4.75000e-01	-4.94009e-04
1.50000e-01	4.85000e-01	-2.73475e-04
1.50000e-01	4.95000e-01	-4.49373e-05

1.70000e-01	0.00000e+00	-3.79558e-10
1.70000e-01	5.00000e-03	2.81016e-03
1.70000e-01	1.50000e-02	2.82568e-03
1.70000e-01	2.50000e-02	2.86315e-03
1.70000e-01	3.50000e-02	2.93501e-03
1.70000e-01	4.50000e-02	3.03795e-03
1.70000e-01	5.50000e-02	3.16960e-03
1.70000e-01	6.50000e-02	3.32804e-03
1.70000e-01	7.50000e-02	3.51098e-03
1.70000e-01	8.50000e-02	3.71495e-03
1.70000e-01	9.50000e-02	3.93457e-03
1.70000e-01	1.05000e-01	4.16166e-03
1.70000e-01	1.15000e-01	4.38437e-03
1.70000e-01	1.25000e-01	4.58619e-03
1.70000e-01	1.35000e-01	4.75136e-03
1.70000e-01	1.45000e-01	4.86434e-03
1.70000e-01	1.55000e-01	4.89846e-03
1.70000e-01	1.65000e-01	4.81567e-03
1.70000e-01	1.75000e-01	4.55896e-03
1.70000e-01	1.85000e-01	4.03808e-03
1.70000e-01	1.95000e-01	3.09218e-03
1.70000e-01	2.05000e-01	1.38182e-03
1.70000e-01	2.15000e-01	1.24554e-35
1.70000e-01	2.25000e-01	8.84024e-36
1.70000e-01	2.35000e-01	6.56279e-36
1.70000e-01	2.45000e-01	4.52482e-36
1.70000e-01	2.55000e-01	3.36161e-36
1.70000e-01	2.65000e-01	6.08158e-04
1.70000e-01	2.75000e-01	1.40901e-03
1.70000e-01	2.85000e-01	1.05301e-03
1.70000e-01	2.95000e-01	3.86303e-04
1.70000e-01	3.05000e-01	-2.62541e-04
1.70000e-01	3.15000e-01	-7.91377e-04
1.70000e-01	3.25000e-01	-1.18687e-03
1.70000e-01	3.35000e-01	-1.46843e-03
1.70000e-01	3.45000e-01	-1.65846e-03
1.70000e-01	3.55000e-01	-1.77018e-03
1.70000e-01	3.65000e-01	-1.81748e-03
1.70000e-01	3.75000e-01	-1.81486e-03
1.70000e-01	3.85000e-01	-1.77518e-03
1.70000e-01	3.95000e-01	-1.70855e-03
1.70000e-01	4.05000e-01	-1.62207e-03
1.70000e-01	4.15000e-01	-1.51996e-03
1.70000e-01	4.25000e-01	-1.40401e-03
1.70000e-01	4.35000e-01	-1.27400e-03
1.70000e-01	4.45000e-01	-1.12809e-03
1.70000e-01	4.55000e-01	-9.63157e-04
1.70000e-01	4.65000e-01	-7.75202e-04
1.70000e-01	4.75000e-01	-5.59662e-04
1.70000e-01	4.85000e-01	-3.11674e-04
1.70000e-01	4.95000e-01	-5.94887e-05

1.90000e-01	0.00000e+00	-1.72213e-10
1.90000e-01	5.00000e-03	3.20805e-03
1.90000e-01	1.50000e-02	3.23585e-03
1.90000e-01	2.50000e-02	3.29783e-03
1.90000e-01	3.50000e-02	3.38433e-03
1.90000e-01	4.50000e-02	3.49000e-03
1.90000e-01	5.50000e-02	3.61067e-03
1.90000e-01	6.50000e-02	3.74181e-03
1.90000e-01	7.50000e-02	3.87790e-03
1.90000e-01	8.50000e-02	4.01200e-03
1.90000e-01	9.50000e-02	4.13530e-03
1.90000e-01	1.05000e-01	4.23688e-03
1.90000e-01	1.15000e-01	4.30366e-03
1.90000e-01	1.25000e-01	4.32199e-03
1.90000e-01	1.35000e-01	4.27598e-03
1.90000e-01	1.45000e-01	4.14294e-03
1.90000e-01	1.55000e-01	3.89376e-03
1.90000e-01	1.65000e-01	3.49244e-03
1.90000e-01	1.75000e-01	2.89593e-03
1.90000e-01	1.85000e-01	2.07057e-03
1.90000e-01	1.95000e-01	1.07958e-03
1.90000e-01	2.05000e-01	2.85076e-04
1.90000e-01	2.15000e-01	2.23887e-36
1.90000e-01	2.25000e-01	2.03955e-36
1.90000e-01	2.35000e-01	1.50033e-36
1.90000e-01	2.45000e-01	2.52687e-37
1.90000e-01	2.55000e-01	-1.55368e-36
1.90000e-01	2.65000e-01	1.41166e-04
1.90000e-01	2.75000e-01	5.21447e-04
1.90000e-01	2.85000e-01	7.92006e-04
1.90000e-01	2.95000e-01	7.22488e-04
1.90000e-01	3.05000e-01	4.14725e-04
1.90000e-01	3.15000e-01	1.66761e-05
1.90000e-01	3.25000e-01	-3.77272e-04
1.90000e-01	3.35000e-01	-7.22806e-04
1.90000e-01	3.45000e-01	-1.00494e-03
1.90000e-01	3.55000e-01	-1.22266e-03
1.90000e-01	3.65000e-01	-1.37866e-03
1.90000e-01	3.75000e-01	-1.47769e-03
1.90000e-01	3.85000e-01	-1.52638e-03
1.90000e-01	3.95000e-01	-1.53190e-03
1.90000e-01	4.05000e-01	-1.50095e-03
1.90000e-01	4.15000e-01	-1.43908e-03
1.90000e-01	4.25000e-01	-1.35034e-03
1.90000e-01	4.35000e-01	-1.23716e-03
1.90000e-01	4.45000e-01	-1.10045e-03
1.90000e-01	4.55000e-01	-9.39857e-04
1.90000e-01	4.65000e-01	-7.54213e-04
1.90000e-01	4.75000e-01	-5.42156e-04
1.90000e-01	4.85000e-01	-3.02826e-04
1.90000e-01	4.95000e-01	-6.42413e-05

2.10000e-01	0.00000e+00	2.22058e-11
2.10000e-01	5.00000e-03	3.16510e-03
2.10000e-01	1.50000e-02	3.20334e-03
2.10000e-01	2.50000e-02	3.28410e-03
2.10000e-01	3.50000e-02	3.36981e-03
2.10000e-01	4.50000e-02	3.45747e-03
2.10000e-01	5.50000e-02	3.54314e-03
2.10000e-01	6.50000e-02	3.62167e-03
2.10000e-01	7.50000e-02	3.68682e-03
2.10000e-01	8.50000e-02	3.73124e-03
2.10000e-01	9.50000e-02	3.74646e-03
2.10000e-01	1.05000e-01	3.72303e-03
2.10000e-01	1.15000e-01	3.65085e-03
2.10000e-01	1.25000e-01	3.51813e-03
2.10000e-01	1.35000e-01	3.31025e-03
2.10000e-01	1.45000e-01	3.01128e-03
2.10000e-01	1.55000e-01	2.60746e-03
2.10000e-01	1.65000e-01	2.09492e-03
2.10000e-01	1.75000e-01	1.49425e-03
2.10000e-01	1.85000e-01	8.70225e-04
2.10000e-01	1.95000e-01	3.37585e-04
2.10000e-01	2.05000e-01	5.62259e-05
2.10000e-01	2.15000e-01	1.37428e-36
2.10000e-01	2.25000e-01	-6.10695e-38
2.10000e-01	2.35000e-01	1.58874e-37
2.10000e-01	2.45000e-01	-1.82818e-37
2.10000e-01	2.55000e-01	-3.30884e-37
2.10000e-01	2.65000e-01	3.62953e-05
2.10000e-01	2.75000e-01	1.64978e-04
2.10000e-01	2.85000e-01	3.65145e-04
2.10000e-01	2.95000e-01	4.80289e-04
2.10000e-01	3.05000e-01	4.57799e-04
2.10000e-01	3.15000e-01	3.10656e-04
2.10000e-01	3.25000e-01	8.40521e-05
2.10000e-01	3.35000e-01	-1.72809e-04
2.10000e-01	3.45000e-01	-4.23065e-04
2.10000e-01	3.55000e-01	-6.46055e-04
2.10000e-01	3.65000e-01	-8.31904e-04
2.10000e-01	3.75000e-01	-9.76251e-04
2.10000e-01	3.85000e-01	-1.07796e-03
2.10000e-01	3.95000e-01	-1.13818e-03
2.10000e-01	4.05000e-01	-1.15942e-03
2.10000e-01	4.15000e-01	-1.14477e-03
2.10000e-01	4.25000e-01	-1.09724e-03
2.10000e-01	4.35000e-01	-1.01941e-03
2.10000e-01	4.45000e-01	-9.13338e-04
2.10000e-01	4.55000e-01	-7.80753e-04
2.10000e-01	4.65000e-01	-6.23507e-04
2.10000e-01	4.75000e-01	-4.44245e-04
2.10000e-01	4.85000e-01	-2.47292e-04
2.10000e-01	4.95000e-01	-5.77251e-05

2.30000e-01	0.00000e+00	9.66230e-11
2.30000e-01	5.00000e-03	2.76588e-03
2.30000e-01	1.50000e-02	2.80730e-03
2.30000e-01	2.50000e-02	2.89300e-03
2.30000e-01	3.50000e-02	2.96704e-03
2.30000e-01	4.50000e-02	3.02773e-03
2.30000e-01	5.50000e-02	3.07257e-03
2.30000e-01	6.50000e-02	3.09753e-03
2.30000e-01	7.50000e-02	3.09759e-03
2.30000e-01	8.50000e-02	3.06707e-03
2.30000e-01	9.50000e-02	2.99981e-03
2.30000e-01	1.05000e-01	2.88945e-03
2.30000e-01	1.15000e-01	2.72949e-03
2.30000e-01	1.25000e-01	2.51406e-03
2.30000e-01	1.35000e-01	2.23935e-03
2.30000e-01	1.45000e-01	1.90595e-03
2.30000e-01	1.55000e-01	1.52217e-03
2.30000e-01	1.65000e-01	1.10767e-03
2.30000e-01	1.75000e-01	6.97729e-04
2.30000e-01	1.85000e-01	3.45309e-04
2.30000e-01	1.95000e-01	1.12255e-04
2.30000e-01	2.05000e-01	4.68869e-05
2.30000e-01	2.15000e-01	5.19416e-05
2.30000e-01	2.25000e-01	1.01776e-05
2.30000e-01	2.35000e-01	-2.28677e-05
2.30000e-01	2.45000e-01	-5.07950e-05
2.30000e-01	2.55000e-01	-7.60277e-05
2.30000e-01	2.65000e-01	-9.91906e-05
2.30000e-01	2.75000e-01	-6.62307e-05
2.30000e-01	2.85000e-01	6.27554e-05
2.30000e-01	2.95000e-01	1.98702e-04
2.30000e-01	3.05000e-01	2.83251e-04
2.30000e-01	3.15000e-01	2.92245e-04
2.30000e-01	3.25000e-01	2.29614e-04
2.30000e-01	3.35000e-01	1.13149e-04
2.30000e-01	3.45000e-01	-3.52034e-05
2.30000e-01	3.55000e-01	-1.94125e-04
2.30000e-01	3.65000e-01	-3.47041e-04
2.30000e-01	3.75000e-01	-4.82553e-04
2.30000e-01	3.85000e-01	-5.93372e-04
2.30000e-01	3.95000e-01	-6.75270e-04
2.30000e-01	4.05000e-01	-7.26255e-04
2.30000e-01	4.15000e-01	-7.45877e-04
2.30000e-01	4.25000e-01	-7.34701e-04
2.30000e-01	4.35000e-01	-6.94005e-04
2.30000e-01	4.45000e-01	-6.25751e-04
2.30000e-01	4.55000e-01	-5.32839e-04
2.30000e-01	4.65000e-01	-4.19586e-04
2.30000e-01	4.75000e-01	-2.92338e-04
2.30000e-01	4.85000e-01	-1.60230e-04
2.30000e-01	4.95000e-01	-4.26103e-05

2.50000e-01	0.00000e+00	6.79012e-11
2.50000e-01	5.00000e-03	2.17543e-03
2.50000e-01	1.50000e-02	2.21189e-03
2.50000e-01	2.50000e-02	2.28806e-03
2.50000e-01	3.50000e-02	2.34608e-03
2.50000e-01	4.50000e-02	2.38170e-03
2.50000e-01	5.50000e-02	2.39369e-03
2.50000e-01	6.50000e-02	2.37987e-03
2.50000e-01	7.50000e-02	2.33742e-03
2.50000e-01	8.50000e-02	2.26331e-03
2.50000e-01	9.50000e-02	2.15471e-03
2.50000e-01	1.05000e-01	2.00939e-03
2.50000e-01	1.15000e-01	1.82625e-03
2.50000e-01	1.25000e-01	1.60621e-03
2.50000e-01	1.35000e-01	1.35333e-03
2.50000e-01	1.45000e-01	1.07607e-03
2.50000e-01	1.55000e-01	7.88422e-04
2.50000e-01	1.65000e-01	5.10361e-04
2.50000e-01	1.75000e-01	2.67191e-04
2.50000e-01	1.85000e-01	8.71160e-05
2.50000e-01	1.95000e-01	-2.80934e-06
2.50000e-01	2.05000e-01	2.16326e-05
2.50000e-01	2.15000e-01	5.23103e-05
2.50000e-01	2.25000e-01	-1.11877e-05
2.50000e-01	2.35000e-01	-6.77696e-05
2.50000e-01	2.45000e-01	-1.17538e-04
2.50000e-01	2.55000e-01	-1.87321e-04
2.50000e-01	2.65000e-01	-2.42880e-04
2.50000e-01	2.75000e-01	-1.99063e-04
2.50000e-01	2.85000e-01	-9.54073e-05
2.50000e-01	2.95000e-01	2.90879e-05
2.50000e-01	3.05000e-01	1.41041e-04
2.50000e-01	3.15000e-01	2.17575e-04
2.50000e-01	3.25000e-01	2.48428e-04
2.50000e-01	3.35000e-01	2.34009e-04
2.50000e-01	3.45000e-01	1.82009e-04
2.50000e-01	3.55000e-01	1.04053e-04
2.50000e-01	3.65000e-01	1.24477e-05
2.50000e-01	3.75000e-01	-8.17768e-05
2.50000e-01	3.85000e-01	-1.69622e-04
2.50000e-01	3.95000e-01	-2.44222e-04
2.50000e-01	4.05000e-01	-3.00671e-04
2.50000e-01	4.15000e-01	-3.35777e-04
2.50000e-01	4.25000e-01	-3.47858e-04
2.50000e-01	4.35000e-01	-3.36707e-04
2.50000e-01	4.45000e-01	-3.03767e-04
2.50000e-01	4.55000e-01	-2.52490e-04
2.50000e-01	4.65000e-01	-1.88795e-04
2.50000e-01	4.75000e-01	-1.21504e-04
2.50000e-01	4.85000e-01	-6.27202e-05
2.50000e-01	4.95000e-01	-2.36739e-05

2.70000e-01	0.00000e+00	3.75291e-11
2.70000e-01	5.00000e-03	1.54903e-03
2.70000e-01	1.50000e-02	1.57567e-03
2.70000e-01	2.50000e-02	1.63317e-03
2.70000e-01	3.50000e-02	1.67489e-03
2.70000e-01	4.50000e-02	1.69281e-03
2.70000e-01	5.50000e-02	1.68553e-03
2.70000e-01	6.50000e-02	1.65239e-03
2.70000e-01	7.50000e-02	1.59274e-03
2.70000e-01	8.50000e-02	1.50610e-03
2.70000e-01	9.50000e-02	1.39254e-03
2.70000e-01	1.05000e-01	1.25312e-03
2.70000e-01	1.15000e-01	1.09024e-03
2.70000e-01	1.25000e-01	9.08204e-04
2.70000e-01	1.35000e-01	7.13603e-04
2.70000e-01	1.45000e-01	5.15563e-04
2.70000e-01	1.55000e-01	3.25550e-04
2.70000e-01	1.65000e-01	1.56532e-04
2.70000e-01	1.75000e-01	2.13362e-05
2.70000e-01	1.85000e-01	-6.98700e-05
2.70000e-01	1.95000e-01	-1.13144e-04
2.70000e-01	2.05000e-01	-1.16526e-04
2.70000e-01	2.15000e-01	-1.13650e-04
2.70000e-01	2.25000e-01	-1.31281e-04
2.70000e-01	2.35000e-01	-1.57423e-04
2.70000e-01	2.45000e-01	-1.85177e-04
2.70000e-01	2.55000e-01	-2.09972e-04
2.70000e-01	2.65000e-01	-2.14504e-04
2.70000e-01	2.75000e-01	-1.77054e-04
2.70000e-01	2.85000e-01	-1.02161e-04
2.70000e-01	2.95000e-01	-4.47331e-06
2.70000e-01	3.05000e-01	9.85699e-05
2.70000e-01	3.15000e-01	1.91035e-04
2.70000e-01	3.25000e-01	2.61238e-04
2.70000e-01	3.35000e-01	3.02934e-04
2.70000e-01	3.45000e-01	3.15177e-04
2.70000e-01	3.55000e-01	3.01257e-04
2.70000e-01	3.65000e-01	2.67117e-04
2.70000e-01	3.75000e-01	2.19851e-04
2.70000e-01	3.85000e-01	1.66605e-04
2.70000e-01	3.95000e-01	1.13892e-04
2.70000e-01	4.05000e-01	6.72055e-05
2.70000e-01	4.15000e-01	3.07769e-05
2.70000e-01	4.25000e-01	7.36879e-06
2.70000e-01	4.35000e-01	-2.00903e-06
2.70000e-01	4.45000e-01	1.52039e-06
2.70000e-01	4.55000e-01	1.42800e-05
2.70000e-01	4.65000e-01	2.96966e-05
2.70000e-01	4.75000e-01	3.81522e-05
2.70000e-01	4.85000e-01	2.70609e-05
2.70000e-01	4.95000e-01	-5.37470e-06

2.90000e-01	0.00000e+00	8.88285e-11
2.90000e-01	5.00000e-03	9.89807e-04
2.90000e-01	1.50000e-02	1.00600e-03
2.90000e-01	2.50000e-02	1.04271e-03
2.90000e-01	3.50000e-02	1.06949e-03
2.90000e-01	4.50000e-02	1.07677e-03
2.90000e-01	5.50000e-02	1.06214e-03
2.90000e-01	6.50000e-02	1.02539e-03
2.90000e-01	7.50000e-02	9.67132e-04
2.90000e-01	8.50000e-02	8.88480e-04
2.90000e-01	9.50000e-02	7.91203e-04
2.90000e-01	1.05000e-01	6.77897e-04
2.90000e-01	1.15000e-01	5.52169e-04
2.90000e-01	1.25000e-01	4.18756e-04
2.90000e-01	1.35000e-01	2.83507e-04
2.90000e-01	1.45000e-01	1.53156e-04
2.90000e-01	1.55000e-01	3.48126e-05
2.90000e-01	1.65000e-01	-6.48392e-05
2.90000e-01	1.75000e-01	-1.40602e-04
2.90000e-01	1.85000e-01	-1.89966e-04
2.90000e-01	1.95000e-01	-2.14312e-04
2.90000e-01	2.05000e-01	-2.19856e-04
2.90000e-01	2.15000e-01	-2.17235e-04
2.90000e-01	2.25000e-01	-2.14693e-04
2.90000e-01	2.35000e-01	-2.12608e-04
2.90000e-01	2.45000e-01	-2.08062e-04
2.90000e-01	2.55000e-01	-1.96157e-04
2.90000e-01	2.65000e-01	-1.69620e-04
2.90000e-01	2.75000e-01	-1.22005e-04
2.90000e-01	2.85000e-01	-5.30277e-05
2.90000e-01	2.95000e-01	3.24287e-05
2.90000e-01	3.05000e-01	1.26359e-04
2.90000e-01	3.15000e-01	2.19617e-04
2.90000e-01	3.25000e-01	3.03634e-04
2.90000e-01	3.35000e-01	3.71746e-04
2.90000e-01	3.45000e-01	4.19967e-04
2.90000e-01	3.55000e-01	4.47155e-04
2.90000e-01	3.65000e-01	4.54656e-04
2.90000e-01	3.75000e-01	4.45635e-04
2.90000e-01	3.85000e-01	4.24344e-04
2.90000e-01	3.95000e-01	3.95438e-04
2.90000e-01	4.05000e-01	3.63405e-04
2.90000e-01	4.15000e-01	3.32054e-04
2.90000e-01	4.25000e-01	3.04033e-04
2.90000e-01	4.35000e-01	2.80337e-04
2.90000e-01	4.45000e-01	2.59828e-04
2.90000e-01	4.55000e-01	2.38863e-04
2.90000e-01	4.65000e-01	2.11141e-04
2.90000e-01	4.75000e-01	1.67854e-04
2.90000e-01	4.85000e-01	9.81452e-05
2.90000e-01	4.95000e-01	9.47534e-06

3.10000e-01	0.00000e+00	2.32308e-10
3.10000e-01	5.00000e-03	5.47809e-04
3.10000e-01	1.50000e-02	5.55726e-04
3.10000e-01	2.50000e-02	5.74826e-04
3.10000e-01	3.50000e-02	5.88880e-04
3.10000e-01	4.50000e-02	5.89764e-04
3.10000e-01	5.50000e-02	5.74517e-04
3.10000e-01	6.50000e-02	5.42704e-04
3.10000e-01	7.50000e-02	4.95157e-04
3.10000e-01	8.50000e-02	4.33485e-04
3.10000e-01	9.50000e-02	3.59915e-04
3.10000e-01	1.05000e-01	2.77263e-04
3.10000e-01	1.15000e-01	1.88909e-04
3.10000e-01	1.25000e-01	9.87346e-05
3.10000e-01	1.35000e-01	1.09573e-05
3.10000e-01	1.45000e-01	-7.01302e-05
3.10000e-01	1.55000e-01	-1.40535e-04
3.10000e-01	1.65000e-01	-1.97010e-04
3.10000e-01	1.75000e-01	-2.37509e-04
3.10000e-01	1.85000e-01	-2.61571e-04
3.10000e-01	1.95000e-01	-2.70514e-04
3.10000e-01	2.05000e-01	-2.67282e-04
3.10000e-01	2.15000e-01	-2.55652e-04
3.10000e-01	2.25000e-01	-2.38566e-04
3.10000e-01	2.35000e-01	-2.16876e-04
3.10000e-01	2.45000e-01	-1.89619e-04
3.10000e-01	2.55000e-01	-1.54565e-04
3.10000e-01	2.65000e-01	-1.08880e-04
3.10000e-01	2.75000e-01	-5.03477e-05
3.10000e-01	2.85000e-01	2.12970e-05
3.10000e-01	2.95000e-01	1.04061e-04
3.10000e-01	3.05000e-01	1.94026e-04
3.10000e-01	3.15000e-01	2.86005e-04
3.10000e-01	3.25000e-01	3.74333e-04
3.10000e-01	3.35000e-01	4.53692e-04
3.10000e-01	3.45000e-01	5.19811e-04
3.10000e-01	3.55000e-01	5.69942e-04
3.10000e-01	3.65000e-01	6.03031e-04
3.10000e-01	3.75000e-01	6.19604e-04
3.10000e-01	3.85000e-01	6.21447e-04
3.10000e-01	3.95000e-01	6.11150e-04
3.10000e-01	4.05000e-01	5.91599e-04
3.10000e-01	4.15000e-01	5.65433e-04
3.10000e-01	4.25000e-01	5.34479e-04
3.10000e-01	4.35000e-01	4.99232e-04
3.10000e-01	4.45000e-01	4.58415e-04
3.10000e-01	4.55000e-01	4.08740e-04
3.10000e-01	4.65000e-01	3.44963e-04
3.10000e-01	4.75000e-01	2.60248e-04
3.10000e-01	4.85000e-01	1.46806e-04
3.10000e-01	4.95000e-01	1.98355e-05

3.30000e-01	0.00000e+00	4.22004e-10
3.30000e-01	5.00000e-03	2.35007e-04
3.30000e-01	1.50000e-02	2.37589e-04
3.30000e-01	2.50000e-02	2.44447e-04
3.30000e-01	3.50000e-02	2.48787e-04
3.30000e-01	4.50000e-02	2.45354e-04
3.30000e-01	5.50000e-02	2.31637e-04
3.30000e-01	6.50000e-02	2.07013e-04
3.30000e-01	7.50000e-02	1.72069e-04
3.30000e-01	8.50000e-02	1.28187e-04
3.30000e-01	9.50000e-02	7.73048e-05
3.30000e-01	1.05000e-01	2.17686e-05
3.30000e-01	1.15000e-01	-3.57846e-05
3.30000e-01	1.25000e-01	-9.25521e-05
3.30000e-01	1.35000e-01	-1.45720e-04
3.30000e-01	1.45000e-01	-1.92650e-04
3.30000e-01	1.55000e-01	-2.31080e-04
3.30000e-01	1.65000e-01	-2.59330e-04
3.30000e-01	1.75000e-01	-2.76455e-04
3.30000e-01	1.85000e-01	-2.82332e-04
3.30000e-01	1.95000e-01	-2.77615e-04
3.30000e-01	2.05000e-01	-2.63544e-04
3.30000e-01	2.15000e-01	-2.41555e-04
3.30000e-01	2.25000e-01	-2.12779e-04
3.30000e-01	2.35000e-01	-1.77669e-04
3.30000e-01	2.45000e-01	-1.35954e-04
3.30000e-01	2.55000e-01	-8.68291e-05
3.30000e-01	2.65000e-01	-2.93151e-05
3.30000e-01	2.75000e-01	3.72447e-05
3.30000e-01	2.85000e-01	1.12700e-04
3.30000e-01	2.95000e-01	1.95827e-04
3.30000e-01	3.05000e-01	2.84298e-04
3.30000e-01	3.15000e-01	3.74851e-04
3.30000e-01	3.25000e-01	4.63622e-04
3.30000e-01	3.35000e-01	5.46571e-04
3.30000e-01	3.45000e-01	6.19951e-04
3.30000e-01	3.55000e-01	6.80724e-04
3.30000e-01	3.65000e-01	7.26857e-04
3.30000e-01	3.75000e-01	7.57430e-04
3.30000e-01	3.85000e-01	7.72568e-04
3.30000e-01	3.95000e-01	7.73198e-04
3.30000e-01	4.05000e-01	7.60681e-04
3.30000e-01	4.15000e-01	7.36367e-04
3.30000e-01	4.25000e-01	7.01116e-04
3.30000e-01	4.35000e-01	6.54867e-04
3.30000e-01	4.45000e-01	5.96343e-04
3.30000e-01	4.55000e-01	5.22969e-04
3.30000e-01	4.65000e-01	4.31072e-04
3.30000e-01	4.75000e-01	3.16339e-04
3.30000e-01	4.85000e-01	1.74415e-04
3.30000e-01	4.95000e-01	2.59163e-05

3.50000e-01	0.00000e+00	6.02157e-10
3.50000e-01	5.00000e-03	4.05320e-05
3.50000e-01	1.50000e-02	4.02205e-05
3.50000e-01	2.50000e-02	3.98788e-05
3.50000e-01	3.50000e-02	3.77988e-05
3.50000e-01	4.50000e-02	3.13944e-05
3.50000e-01	5.50000e-02	1.91670e-05
3.50000e-01	6.50000e-02	6.54689e-07
3.50000e-01	7.50000e-02	-2.37742e-05
3.50000e-01	8.50000e-02	-5.31374e-05
3.50000e-01	9.50000e-02	-8.60196e-05
3.50000e-01	1.05000e-01	-1.20720e-04
3.50000e-01	1.15000e-01	-1.55377e-04
3.50000e-01	1.25000e-01	-1.88088e-04
3.50000e-01	1.35000e-01	-2.17021e-04
3.50000e-01	1.45000e-01	-2.40531e-04
3.50000e-01	1.55000e-01	-2.57263e-04
3.50000e-01	1.65000e-01	-2.66235e-04
3.50000e-01	1.75000e-01	-2.66884e-04
3.50000e-01	1.85000e-01	-2.59069e-04
3.50000e-01	1.95000e-01	-2.43013e-04
3.50000e-01	2.05000e-01	-2.19187e-04
3.50000e-01	2.15000e-01	-1.88143e-04
3.50000e-01	2.25000e-01	-1.50336e-04
3.50000e-01	2.35000e-01	-1.05998e-04
3.50000e-01	2.45000e-01	-5.51107e-05
3.50000e-01	2.55000e-01	2.51323e-06
3.50000e-01	2.65000e-01	6.70683e-05
3.50000e-01	2.75000e-01	1.38535e-04
3.50000e-01	2.85000e-01	2.16460e-04
3.50000e-01	2.95000e-01	2.99790e-04
3.50000e-01	3.05000e-01	3.86799e-04
3.50000e-01	3.15000e-01	4.75116e-04
3.50000e-01	3.25000e-01	5.61859e-04
3.50000e-01	3.35000e-01	6.43857e-04
3.50000e-01	3.45000e-01	7.17933e-04
3.50000e-01	3.55000e-01	7.81211e-04
3.50000e-01	3.65000e-01	8.31368e-04
3.50000e-01	3.75000e-01	8.66801e-04
3.50000e-01	3.85000e-01	8.86658e-04
3.50000e-01	3.95000e-01	8.90732e-04
3.50000e-01	4.05000e-01	8.79241e-04
3.50000e-01	4.15000e-01	8.52511e-04
3.50000e-01	4.25000e-01	8.10658e-04
3.50000e-01	4.35000e-01	7.53305e-04
3.50000e-01	4.45000e-01	6.79449e-04
3.50000e-01	4.55000e-01	5.87504e-04
3.50000e-01	4.65000e-01	4.75567e-04
3.50000e-01	4.75000e-01	3.41816e-04
3.50000e-01	4.85000e-01	1.84958e-04
3.50000e-01	4.95000e-01	2.85505e-05

3.70000e-01	0.00000e+00	7.39306e-10
3.70000e-01	5.00000e-03	-5.76683e-05
3.70000e-01	1.50000e-02	-5.92811e-05
3.70000e-01	2.50000e-02	-6.31889e-05
3.70000e-01	3.50000e-02	-6.88390e-05
3.70000e-01	4.50000e-02	-7.69895e-05
3.70000e-01	5.50000e-02	-8.81453e-05
3.70000e-01	6.50000e-02	-1.02395e-04
3.70000e-01	7.50000e-02	-1.19402e-04
3.70000e-01	8.50000e-02	-1.38463e-04
3.70000e-01	9.50000e-02	-1.58603e-04
3.70000e-01	1.05000e-01	-1.78663e-04
3.70000e-01	1.15000e-01	-1.97395e-04
3.70000e-01	1.25000e-01	-2.13545e-04
3.70000e-01	1.35000e-01	-2.25925e-04
3.70000e-01	1.45000e-01	-2.33486e-04
3.70000e-01	1.55000e-01	-2.35367e-04
3.70000e-01	1.65000e-01	-2.30933e-04
3.70000e-01	1.75000e-01	-2.19786e-04
3.70000e-01	1.85000e-01	-2.01754e-04
3.70000e-01	1.95000e-01	-1.76860e-04
3.70000e-01	2.05000e-01	-1.45253e-04
3.70000e-01	2.15000e-01	-1.07148e-04
3.70000e-01	2.25000e-01	-6.27511e-05
3.70000e-01	2.35000e-01	-1.22209e-05
3.70000e-01	2.45000e-01	4.43359e-05
3.70000e-01	2.55000e-01	1.06822e-04
3.70000e-01	2.65000e-01	1.75069e-04
3.70000e-01	2.75000e-01	2.48723e-04
3.70000e-01	2.85000e-01	3.27134e-04
3.70000e-01	2.95000e-01	4.09259e-04
3.70000e-01	3.05000e-01	4.93597e-04
3.70000e-01	3.15000e-01	5.78192e-04
3.70000e-01	3.25000e-01	6.60687e-04
3.70000e-01	3.35000e-01	7.38452e-04
3.70000e-01	3.45000e-01	8.08757e-04
3.70000e-01	3.55000e-01	8.68983e-04
3.70000e-01	3.65000e-01	9.16810e-04
3.70000e-01	3.75000e-01	9.50372e-04
3.70000e-01	3.85000e-01	9.68317e-04
3.70000e-01	3.95000e-01	9.69786e-04
3.70000e-01	4.05000e-01	9.54293e-04
3.70000e-01	4.15000e-01	9.21555e-04
3.70000e-01	4.25000e-01	8.71316e-04
3.70000e-01	4.35000e-01	8.03217e-04
3.70000e-01	4.45000e-01	7.16783e-04
3.70000e-01	4.55000e-01	6.11531e-04
3.70000e-01	4.65000e-01	4.87207e-04
3.70000e-01	4.75000e-01	3.44073e-04
3.70000e-01	4.85000e-01	1.83130e-04
3.70000e-01	4.95000e-01	2.87255e-05

3.90000e-01	0.00000e+00	8.25598e-10
3.90000e-01	5.00000e-03	-8.47146e-05
3.90000e-01	1.50000e-02	-8.67457e-05
3.90000e-01	2.50000e-02	-9.20115e-05
3.90000e-01	3.50000e-02	-9.91915e-05
3.90000e-01	4.50000e-02	-1.08011e-04
3.90000e-01	5.50000e-02	-1.18265e-04
3.90000e-01	6.50000e-02	-1.29669e-04
3.90000e-01	7.50000e-02	-1.41797e-04
3.90000e-01	8.50000e-02	-1.54066e-04
3.90000e-01	9.50000e-02	-1.65766e-04
3.90000e-01	1.05000e-01	-1.76099e-04
3.90000e-01	1.15000e-01	-1.84230e-04
3.90000e-01	1.25000e-01	-1.89330e-04
3.90000e-01	1.35000e-01	-1.90625e-04
3.90000e-01	1.45000e-01	-1.87433e-04
3.90000e-01	1.55000e-01	-1.79189e-04
3.90000e-01	1.65000e-01	-1.65462e-04
3.90000e-01	1.75000e-01	-1.45963e-04
3.90000e-01	1.85000e-01	-1.20536e-04
3.90000e-01	1.95000e-01	-8.91384e-05
3.90000e-01	2.05000e-01	-5.18153e-05
3.90000e-01	2.15000e-01	-8.67209e-06
3.90000e-01	2.25000e-01	4.01495e-05
3.90000e-01	2.35000e-01	9.44825e-05
3.90000e-01	2.45000e-01	1.54127e-04
3.90000e-01	2.55000e-01	2.18820e-04
3.90000e-01	2.65000e-01	2.88190e-04
3.90000e-01	2.75000e-01	3.61694e-04
3.90000e-01	2.85000e-01	4.38548e-04
3.90000e-01	2.95000e-01	5.17676e-04
3.90000e-01	3.05000e-01	5.97664e-04
3.90000e-01	3.15000e-01	6.76761e-04
3.90000e-01	3.25000e-01	7.52908e-04
3.90000e-01	3.35000e-01	8.23821e-04
3.90000e-01	3.45000e-01	8.87104e-04
3.90000e-01	3.55000e-01	9.40390e-04
3.90000e-01	3.65000e-01	9.81489e-04
3.90000e-01	3.75000e-01	1.00851e-03
3.90000e-01	3.85000e-01	1.01992e-03
3.90000e-01	3.95000e-01	1.01458e-03
3.90000e-01	4.05000e-01	9.91714e-04
3.90000e-01	4.15000e-01	9.50822e-04
3.90000e-01	4.25000e-01	8.91633e-04
3.90000e-01	4.35000e-01	8.14080e-04
3.90000e-01	4.45000e-01	7.18345e-04
3.90000e-01	4.55000e-01	6.04979e-04
3.90000e-01	4.65000e-01	4.75058e-04
3.90000e-01	4.75000e-01	3.30325e-04
3.90000e-01	4.85000e-01	1.73232e-04
3.90000e-01	4.95000e-01	2.73271e-05

4.10000e-01	0.00000e+00	8.66989e-10
4.10000e-01	5.00000e-03	-6.38543e-05
4.10000e-01	1.50000e-02	-6.58746e-05
4.10000e-01	2.50000e-02	-7.13213e-05
4.10000e-01	3.50000e-02	-7.87686e-05
4.10000e-01	4.50000e-02	-8.74434e-05
4.10000e-01	5.50000e-02	-9.67277e-05
4.10000e-01	6.50000e-02	-1.06071e-04
4.10000e-01	7.50000e-02	-1.14933e-04
4.10000e-01	8.50000e-02	-1.22757e-04
4.10000e-01	9.50000e-02	-1.28964e-04
4.10000e-01	1.05000e-01	-1.32962e-04
4.10000e-01	1.15000e-01	-1.34161e-04
4.10000e-01	1.25000e-01	-1.32000e-04
4.10000e-01	1.35000e-01	-1.25961e-04
4.10000e-01	1.45000e-01	-1.15594e-04
4.10000e-01	1.55000e-01	-1.00525e-04
4.10000e-01	1.65000e-01	-8.04685e-05
4.10000e-01	1.75000e-01	-5.52287e-05
4.10000e-01	1.85000e-01	-2.46965e-05
4.10000e-01	1.95000e-01	1.11570e-05
4.10000e-01	2.05000e-01	5.22902e-05
4.10000e-01	2.15000e-01	9.85997e-05
4.10000e-01	2.25000e-01	1.49925e-04
4.10000e-01	2.35000e-01	2.06047e-04
4.10000e-01	2.45000e-01	2.66675e-04
4.10000e-01	2.55000e-01	3.31425e-04
4.10000e-01	2.65000e-01	3.99789e-04
4.10000e-01	2.75000e-01	4.71094e-04
4.10000e-01	2.85000e-01	5.44465e-04
4.10000e-01	2.95000e-01	6.18789e-04
4.10000e-01	3.05000e-01	6.92693e-04
4.10000e-01	3.15000e-01	7.64547e-04
4.10000e-01	3.25000e-01	8.32488e-04
4.10000e-01	3.35000e-01	8.94477e-04
4.10000e-01	3.45000e-01	9.48387e-04
4.10000e-01	3.55000e-01	9.92099e-04
4.10000e-01	3.65000e-01	1.02362e-03
4.10000e-01	3.75000e-01	1.04117e-03
4.10000e-01	3.85000e-01	1.04328e-03
4.10000e-01	3.95000e-01	1.02880e-03
4.10000e-01	4.05000e-01	9.96973e-04
4.10000e-01	4.15000e-01	9.47380e-04
4.10000e-01	4.25000e-01	8.79986e-04
4.10000e-01	4.35000e-01	7.95159e-04
4.10000e-01	4.45000e-01	6.93728e-04
4.10000e-01	4.55000e-01	5.77069e-04
4.10000e-01	4.65000e-01	4.47173e-04
4.10000e-01	4.75000e-01	3.06662e-04
4.10000e-01	4.85000e-01	1.58707e-04
4.10000e-01	4.95000e-01	2.50427e-05

4.30000e-01	0.00000e+00	8.72068e-10
4.30000e-01	5.00000e-03	-1.41528e-05
4.30000e-01	1.50000e-02	-1.59835e-05
4.30000e-01	2.50000e-02	-2.10565e-05
4.30000e-01	3.50000e-02	-2.80750e-05
4.30000e-01	4.50000e-02	-3.60677e-05
4.30000e-01	5.50000e-02	-4.42193e-05
4.30000e-01	6.50000e-02	-5.18308e-05
4.30000e-01	7.50000e-02	-5.82846e-05
4.30000e-01	8.50000e-02	-6.30196e-05
4.30000e-01	9.50000e-02	-6.55166e-05
4.30000e-01	1.05000e-01	-6.52930e-05
4.30000e-01	1.15000e-01	-6.19031e-05
4.30000e-01	1.25000e-01	-5.49428e-05
4.30000e-01	1.35000e-01	-4.40564e-05
4.30000e-01	1.45000e-01	-2.89430e-05
4.30000e-01	1.55000e-01	-9.36188e-06
4.30000e-01	1.65000e-01	1.48631e-05
4.30000e-01	1.75000e-01	4.38422e-05
4.30000e-01	1.85000e-01	7.76191e-05
4.30000e-01	1.95000e-01	1.16173e-04
4.30000e-01	2.05000e-01	1.59417e-04
4.30000e-01	2.15000e-01	2.07202e-04
4.30000e-01	2.25000e-01	2.59311e-04
4.30000e-01	2.35000e-01	3.15452e-04
4.30000e-01	2.45000e-01	3.75245e-04
4.30000e-01	2.55000e-01	4.38206e-04
4.30000e-01	2.65000e-01	5.03725e-04
4.30000e-01	2.75000e-01	5.71038e-04
4.30000e-01	2.85000e-01	6.39205e-04
4.30000e-01	2.95000e-01	7.07092e-04
4.30000e-01	3.05000e-01	7.73363e-04
4.30000e-01	3.15000e-01	8.36483e-04
4.30000e-01	3.25000e-01	8.94749e-04
4.30000e-01	3.35000e-01	9.46332e-04
4.30000e-01	3.45000e-01	9.89346e-04
4.30000e-01	3.55000e-01	1.02193e-03
4.30000e-01	3.65000e-01	1.04234e-03
4.30000e-01	3.75000e-01	1.04901e-03
4.30000e-01	3.85000e-01	1.04067e-03
4.30000e-01	3.95000e-01	1.01638e-03
4.30000e-01	4.05000e-01	9.75573e-04
4.30000e-01	4.15000e-01	9.18101e-04
4.30000e-01	4.25000e-01	8.44279e-04
4.30000e-01	4.35000e-01	7.54923e-04
4.30000e-01	4.45000e-01	6.51386e-04
4.30000e-01	4.55000e-01	5.35599e-04
4.30000e-01	4.65000e-01	4.10058e-04
4.30000e-01	4.75000e-01	2.77762e-04
4.30000e-01	4.85000e-01	1.42061e-04
4.30000e-01	4.95000e-01	2.23575e-05

4.50000e-01	0.00000e+00	8.46930e-10
4.50000e-01	5.00000e-03	4.99966e-05
4.50000e-01	1.50000e-02	4.84123e-05
4.50000e-01	2.50000e-02	4.39369e-05
4.50000e-01	3.50000e-02	3.76949e-05
4.50000e-01	4.50000e-02	3.07051e-05
4.50000e-01	5.50000e-02	2.38470e-05
4.50000e-01	6.50000e-02	1.78744e-05
4.50000e-01	7.50000e-02	1.34336e-05
4.50000e-01	8.50000e-02	1.10815e-05
4.50000e-01	9.50000e-02	1.12996e-05
4.50000e-01	1.05000e-01	1.45048e-05
4.50000e-01	1.15000e-01	2.10562e-05
4.50000e-01	1.25000e-01	3.12585e-05
4.50000e-01	1.35000e-01	4.53635e-05
4.50000e-01	1.45000e-01	6.35696e-05
4.50000e-01	1.55000e-01	8.60212e-05
4.50000e-01	1.65000e-01	1.12807e-04
4.50000e-01	1.75000e-01	1.43960e-04
4.50000e-01	1.85000e-01	1.79454e-04
4.50000e-01	1.95000e-01	2.19202e-04
4.50000e-01	2.05000e-01	2.63058e-04
4.50000e-01	2.15000e-01	3.10806e-04
4.50000e-01	2.25000e-01	3.62158e-04
4.50000e-01	2.35000e-01	4.16747e-04
4.50000e-01	2.45000e-01	4.74113e-04
4.50000e-01	2.55000e-01	5.33690e-04
4.50000e-01	2.65000e-01	5.94790e-04
4.50000e-01	2.75000e-01	6.56589e-04
4.50000e-01	2.85000e-01	7.18115e-04
4.50000e-01	2.95000e-01	7.78236e-04
4.50000e-01	3.05000e-01	8.35666e-04
4.50000e-01	3.15000e-01	8.88973e-04
4.50000e-01	3.25000e-01	9.36609e-04
4.50000e-01	3.35000e-01	9.76952e-04
4.50000e-01	3.45000e-01	1.00836e-03
4.50000e-01	3.55000e-01	1.02925e-03
4.50000e-01	3.65000e-01	1.03815e-03
4.50000e-01	3.75000e-01	1.03380e-03
4.50000e-01	3.85000e-01	1.01522e-03
4.50000e-01	3.95000e-01	9.81747e-04
4.50000e-01	4.05000e-01	9.33129e-04
4.50000e-01	4.15000e-01	8.69552e-04
4.50000e-01	4.25000e-01	7.91683e-04
4.50000e-01	4.35000e-01	7.00702e-04
4.50000e-01	4.45000e-01	5.98310e-04
4.50000e-01	4.55000e-01	4.86722e-04
4.50000e-01	4.65000e-01	3.68603e-04
4.50000e-01	4.75000e-01	2.46964e-04
4.50000e-01	4.85000e-01	1.24989e-04
4.50000e-01	4.95000e-01	1.95884e-05

4.70000e-01	0.00000e+00	7.94839e-10
4.70000e-01	5.00000e-03	1.18380e-04
4.70000e-01	1.50000e-02	1.17048e-04
4.70000e-01	2.50000e-02	1.13239e-04
4.70000e-01	3.50000e-02	1.07930e-04
4.70000e-01	4.50000e-02	1.02117e-04
4.70000e-01	5.50000e-02	9.66679e-05
4.70000e-01	6.50000e-02	9.23265e-05
4.70000e-01	7.50000e-02	8.97243e-05
4.70000e-01	8.50000e-02	8.93917e-05
4.70000e-01	9.50000e-02	9.17710e-05
4.70000e-01	1.05000e-01	9.72268e-05
4.70000e-01	1.15000e-01	1.06056e-04
4.70000e-01	1.25000e-01	1.18492e-04
4.70000e-01	1.35000e-01	1.34714e-04
4.70000e-01	1.45000e-01	1.54845e-04
4.70000e-01	1.55000e-01	1.78954e-04
4.70000e-01	1.65000e-01	2.07060e-04
4.70000e-01	1.75000e-01	2.39126e-04
4.70000e-01	1.85000e-01	2.75059e-04
4.70000e-01	1.95000e-01	3.14709e-04
4.70000e-01	2.05000e-01	3.57862e-04
4.70000e-01	2.15000e-01	4.04238e-04
4.70000e-01	2.25000e-01	4.53481e-04
4.70000e-01	2.35000e-01	5.05156e-04
4.70000e-01	2.45000e-01	5.58736e-04
4.70000e-01	2.55000e-01	6.13596e-04
4.70000e-01	2.65000e-01	6.69000e-04
4.70000e-01	2.75000e-01	7.24093e-04
4.70000e-01	2.85000e-01	7.77900e-04
4.70000e-01	2.95000e-01	8.29324e-04
4.70000e-01	3.05000e-01	8.77151e-04
4.70000e-01	3.15000e-01	9.20072e-04
4.70000e-01	3.25000e-01	9.56710e-04
4.70000e-01	3.35000e-01	9.85657e-04
4.70000e-01	3.45000e-01	1.00553e-03
4.70000e-01	3.55000e-01	1.01502e-03
4.70000e-01	3.65000e-01	1.01299e-03
4.70000e-01	3.75000e-01	9.98475e-04
4.70000e-01	3.85000e-01	9.70826e-04
4.70000e-01	3.95000e-01	9.29714e-04
4.70000e-01	4.05000e-01	8.75206e-04
4.70000e-01	4.15000e-01	8.07795e-04
4.70000e-01	4.25000e-01	7.28434e-04
4.70000e-01	4.35000e-01	6.38539e-04
4.70000e-01	4.45000e-01	5.39977e-04
4.70000e-01	4.55000e-01	4.35021e-04
4.70000e-01	4.65000e-01	3.26262e-04
4.70000e-01	4.75000e-01	2.16495e-04
4.70000e-01	4.85000e-01	1.08556e-04
4.70000e-01	4.95000e-01	1.69269e-05

4.90000e-01	0.00000e+00	7.18023e-10
4.90000e-01	5.00000e-03	1.84110e-04
4.90000e-01	1.50000e-02	1.83021e-04
4.90000e-01	2.50000e-02	1.79886e-04
4.90000e-01	3.50000e-02	1.75571e-04
4.90000e-01	4.50000e-02	1.71014e-04
4.90000e-01	5.50000e-02	1.67027e-04
4.90000e-01	6.50000e-02	1.64306e-04
4.90000e-01	7.50000e-02	1.63435e-04
4.90000e-01	8.50000e-02	1.64894e-04
4.90000e-01	9.50000e-02	1.69079e-04
4.90000e-01	1.05000e-01	1.76300e-04
4.90000e-01	1.15000e-01	1.86800e-04
4.90000e-01	1.25000e-01	2.00757e-04
4.90000e-01	1.35000e-01	2.18288e-04
4.90000e-01	1.45000e-01	2.39457e-04
4.90000e-01	1.55000e-01	2.64275e-04
4.90000e-01	1.65000e-01	2.92699e-04
4.90000e-01	1.75000e-01	3.24634e-04
4.90000e-01	1.85000e-01	3.59929e-04
4.90000e-01	1.95000e-01	3.98374e-04
4.90000e-01	2.05000e-01	4.39697e-04
4.90000e-01	2.15000e-01	4.83561e-04
4.90000e-01	2.25000e-01	5.29556e-04
4.90000e-01	2.35000e-01	5.77194e-04
4.90000e-01	2.45000e-01	6.25902e-04
4.90000e-01	2.55000e-01	6.75020e-04
4.90000e-01	2.65000e-01	7.23793e-04
4.90000e-01	2.75000e-01	7.71368e-04
4.90000e-01	2.85000e-01	8.16799e-04
4.90000e-01	2.95000e-01	8.59052e-04
4.90000e-01	3.05000e-01	8.97014e-04
4.90000e-01	3.15000e-01	9.29521e-04
4.90000e-01	3.25000e-01	9.55380e-04
4.90000e-01	3.35000e-01	9.73411e-04
4.90000e-01	3.45000e-01	9.82491e-04
4.90000e-01	3.55000e-01	9.81610e-04
4.90000e-01	3.65000e-01	9.69920e-04
4.90000e-01	3.75000e-01	9.46797e-04
4.90000e-01	3.85000e-01	9.11897e-04
4.90000e-01	3.95000e-01	8.65198e-04
4.90000e-01	4.05000e-01	8.07044e-04
4.90000e-01	4.15000e-01	7.38168e-04
4.90000e-01	4.25000e-01	6.59704e-04
4.90000e-01	4.35000e-01	5.73175e-04
4.90000e-01	4.45000e-01	4.80456e-04
4.90000e-01	4.55000e-01	3.83715e-04
4.90000e-01	4.65000e-01	2.85321e-04
4.90000e-01	4.75000e-01	1.87732e-04
4.90000e-01	4.85000e-01	9.33674e-05
4.90000e-01	4.95000e-01	1.44780e-05

5.10000e-01	0.00000e+00	6.19617e-10
5.10000e-01	5.00000e-03	2.42782e-04
5.10000e-01	1.50000e-02	2.41925e-04
5.10000e-01	2.50000e-02	2.39451e-04
5.10000e-01	3.50000e-02	2.36142e-04
5.10000e-01	4.50000e-02	2.32853e-04
5.10000e-01	5.50000e-02	2.30321e-04
5.10000e-01	6.50000e-02	2.29164e-04
5.10000e-01	7.50000e-02	2.29899e-04
5.10000e-01	8.50000e-02	2.32945e-04
5.10000e-01	9.50000e-02	2.38636e-04
5.10000e-01	1.05000e-01	2.47230e-04
5.10000e-01	1.15000e-01	2.58914e-04
5.10000e-01	1.25000e-01	2.73816e-04
5.10000e-01	1.35000e-01	2.92003e-04
5.10000e-01	1.45000e-01	3.13487e-04
5.10000e-01	1.55000e-01	3.38230e-04
5.10000e-01	1.65000e-01	3.66140e-04
5.10000e-01	1.75000e-01	3.97071e-04
5.10000e-01	1.85000e-01	4.30824e-04
5.10000e-01	1.95000e-01	4.67143e-04
5.10000e-01	2.05000e-01	5.05711e-04
5.10000e-01	2.15000e-01	5.46146e-04
5.10000e-01	2.25000e-01	5.88000e-04
5.10000e-01	2.35000e-01	6.30755e-04
5.10000e-01	2.45000e-01	6.73815e-04
5.10000e-01	2.55000e-01	7.16513e-04
5.10000e-01	2.65000e-01	7.58100e-04
5.10000e-01	2.75000e-01	7.97759e-04
5.10000e-01	2.85000e-01	8.34600e-04
5.10000e-01	2.95000e-01	8.67679e-04
5.10000e-01	3.05000e-01	8.96010e-04
5.10000e-01	3.15000e-01	9.18586e-04
5.10000e-01	3.25000e-01	9.34414e-04
5.10000e-01	3.35000e-01	9.42542e-04
5.10000e-01	3.45000e-01	9.42106e-04
5.10000e-01	3.55000e-01	9.32371e-04
5.10000e-01	3.65000e-01	9.12780e-04
5.10000e-01	3.75000e-01	8.82997e-04
5.10000e-01	3.85000e-01	8.42951e-04
5.10000e-01	3.95000e-01	7.92869e-04
5.10000e-01	4.05000e-01	7.33302e-04
5.10000e-01	4.15000e-01	6.65133e-04
5.10000e-01	4.25000e-01	5.89574e-04
5.10000e-01	4.35000e-01	5.08140e-04
5.10000e-01	4.45000e-01	4.22602e-04
5.10000e-01	4.55000e-01	3.34923e-04
5.10000e-01	4.65000e-01	2.47174e-04
5.10000e-01	4.75000e-01	1.61440e-04
5.10000e-01	4.85000e-01	7.97194e-05
5.10000e-01	4.95000e-01	1.22896e-05

5.30000e-01	0.00000e+00	5.04741e-10
5.30000e-01	5.00000e-03	2.91778e-04
5.30000e-01	1.50000e-02	2.91144e-04
5.30000e-01	2.50000e-02	2.89316e-04
5.30000e-01	3.50000e-02	2.86993e-04
5.30000e-01	4.50000e-02	2.84937e-04
5.30000e-01	5.50000e-02	2.83790e-04
5.30000e-01	6.50000e-02	2.84084e-04
5.30000e-01	7.50000e-02	2.86254e-04
5.30000e-01	8.50000e-02	2.90651e-04
5.30000e-01	9.50000e-02	2.97546e-04
5.30000e-01	1.05000e-01	3.07139e-04
5.30000e-01	1.15000e-01	3.19566e-04
5.30000e-01	1.25000e-01	3.34907e-04
5.30000e-01	1.35000e-01	3.53183e-04
5.30000e-01	1.45000e-01	3.74366e-04
5.30000e-01	1.55000e-01	3.98374e-04
5.30000e-01	1.65000e-01	4.25076e-04
5.30000e-01	1.75000e-01	4.54288e-04
5.30000e-01	1.85000e-01	4.85774e-04
5.30000e-01	1.95000e-01	5.19243e-04
5.30000e-01	2.05000e-01	5.54348e-04
5.30000e-01	2.15000e-01	5.90683e-04
5.30000e-01	2.25000e-01	6.27779e-04
5.30000e-01	2.35000e-01	6.65108e-04
5.30000e-01	2.45000e-01	7.02077e-04
5.30000e-01	2.55000e-01	7.38036e-04
5.30000e-01	2.65000e-01	7.72272e-04
5.30000e-01	2.75000e-01	8.04024e-04
5.30000e-01	2.85000e-01	8.32486e-04
5.30000e-01	2.95000e-01	8.56825e-04
5.30000e-01	3.05000e-01	8.76192e-04
5.30000e-01	3.15000e-01	8.89754e-04
5.30000e-01	3.25000e-01	8.96712e-04
5.30000e-01	3.35000e-01	8.96336e-04
5.30000e-01	3.45000e-01	8.88002e-04
5.30000e-01	3.55000e-01	8.71225e-04
5.30000e-01	3.65000e-01	8.45698e-04
5.30000e-01	3.75000e-01	8.11324e-04
5.30000e-01	3.85000e-01	7.68247e-04
5.30000e-01	3.95000e-01	7.16873e-04
5.30000e-01	4.05000e-01	6.57879e-04
5.30000e-01	4.15000e-01	5.92214e-04
5.30000e-01	4.25000e-01	5.21080e-04
5.30000e-01	4.35000e-01	4.45902e-04
5.30000e-01	4.45000e-01	3.68276e-04
5.30000e-01	4.55000e-01	2.89915e-04
5.30000e-01	4.65000e-01	2.12570e-04
5.30000e-01	4.75000e-01	1.37961e-04
5.30000e-01	4.85000e-01	6.77043e-05
5.30000e-01	4.95000e-01	1.03741e-05

5.50000e-01	0.00000e+00	3.80479e-10
5.50000e-01	5.00000e-03	3.29767e-04
5.50000e-01	1.50000e-02	3.29348e-04
5.50000e-01	2.50000e-02	3.28143e-04
5.50000e-01	3.50000e-02	3.26764e-04
5.50000e-01	4.50000e-02	3.25864e-04
5.50000e-01	5.50000e-02	3.25982e-04
5.50000e-01	6.50000e-02	3.27559e-04
5.50000e-01	7.50000e-02	3.30949e-04
5.50000e-01	8.50000e-02	3.36428e-04
5.50000e-01	9.50000e-02	3.44205e-04
5.50000e-01	1.05000e-01	3.54426e-04
5.50000e-01	1.15000e-01	3.67180e-04
5.50000e-01	1.25000e-01	3.82500e-04
5.50000e-01	1.35000e-01	4.00372e-04
5.50000e-01	1.45000e-01	4.20729e-04
5.50000e-01	1.55000e-01	4.43458e-04
5.50000e-01	1.65000e-01	4.68397e-04
5.50000e-01	1.75000e-01	4.95336e-04
5.50000e-01	1.85000e-01	5.24013e-04
5.50000e-01	1.95000e-01	5.54118e-04
5.50000e-01	2.05000e-01	5.85288e-04
5.50000e-01	2.15000e-01	6.17109e-04
5.50000e-01	2.25000e-01	6.49113e-04
5.50000e-01	2.35000e-01	6.80782e-04
5.50000e-01	2.45000e-01	7.11548e-04
5.50000e-01	2.55000e-01	7.40797e-04
5.50000e-01	2.65000e-01	7.67876e-04
5.50000e-01	2.75000e-01	7.92099e-04
5.50000e-01	2.85000e-01	8.12760e-04
5.50000e-01	2.95000e-01	8.29146e-04
5.50000e-01	3.05000e-01	8.40558e-04
5.50000e-01	3.15000e-01	8.46327e-04
5.50000e-01	3.25000e-01	8.45843e-04
5.50000e-01	3.35000e-01	8.38578e-04
5.50000e-01	3.45000e-01	8.24119e-04
5.50000e-01	3.55000e-01	8.02191e-04
5.50000e-01	3.65000e-01	7.72689e-04
5.50000e-01	3.75000e-01	7.35698e-04
5.50000e-01	3.85000e-01	6.91513e-04
5.50000e-01	3.95000e-01	6.40648e-04
5.50000e-01	4.05000e-01	5.83835e-04
5.50000e-01	4.15000e-01	5.22019e-04
5.50000e-01	4.25000e-01	4.56330e-04
5.50000e-01	4.35000e-01	3.88049e-04
5.50000e-01	4.45000e-01	3.18570e-04
5.50000e-01	4.55000e-01	2.49340e-04
5.50000e-01	4.65000e-01	1.81807e-04
5.50000e-01	4.75000e-01	1.17362e-04
5.50000e-01	4.85000e-01	5.72888e-05
5.50000e-01	4.95000e-01	8.72289e-06

5.70000e-01	0.00000e+00	2.54981e-10
5.70000e-01	5.00000e-03	3.56347e-04
5.70000e-01	1.50000e-02	3.56134e-04
5.70000e-01	2.50000e-02	3.55522e-04
5.70000e-01	3.50000e-02	3.55021e-04
5.70000e-01	4.50000e-02	3.55166e-04
5.70000e-01	5.50000e-02	3.56393e-04
5.70000e-01	6.50000e-02	3.59049e-04
5.70000e-01	7.50000e-02	3.63409e-04
5.70000e-01	8.50000e-02	3.69681e-04
5.70000e-01	9.50000e-02	3.78016e-04
5.70000e-01	1.05000e-01	3.88509e-04
5.70000e-01	1.15000e-01	4.01206e-04
5.70000e-01	1.25000e-01	4.16103e-04
5.70000e-01	1.35000e-01	4.33153e-04
5.70000e-01	1.45000e-01	4.52262e-04
5.70000e-01	1.55000e-01	4.73291e-04
5.70000e-01	1.65000e-01	4.96059e-04
5.70000e-01	1.75000e-01	5.20338e-04
5.70000e-01	1.85000e-01	5.45855e-04
5.70000e-01	1.95000e-01	5.72295e-04
5.70000e-01	2.05000e-01	5.99293e-04
5.70000e-01	2.15000e-01	6.26443e-04
5.70000e-01	2.25000e-01	6.53295e-04
5.70000e-01	2.35000e-01	6.79359e-04
5.70000e-01	2.45000e-01	7.04107e-04
5.70000e-01	2.55000e-01	7.26981e-04
5.70000e-01	2.65000e-01	7.47399e-04
5.70000e-01	2.75000e-01	7.64764e-04
5.70000e-01	2.85000e-01	7.78478e-04
5.70000e-01	2.95000e-01	7.87953e-04
5.70000e-01	3.05000e-01	7.92631e-04
5.70000e-01	3.15000e-01	7.92001e-04
5.70000e-01	3.25000e-01	7.85621e-04
5.70000e-01	3.35000e-01	7.73138e-04
5.70000e-01	3.45000e-01	7.54312e-04
5.70000e-01	3.55000e-01	7.29036e-04
5.70000e-01	3.65000e-01	6.97354e-04
5.70000e-01	3.75000e-01	6.59477e-04
5.70000e-01	3.85000e-01	6.15790e-04
5.70000e-01	3.95000e-01	5.66857e-04
5.70000e-01	4.05000e-01	5.13408e-04
5.70000e-01	4.15000e-01	4.56333e-04
5.70000e-01	4.25000e-01	3.96651e-04
5.70000e-01	4.35000e-01	3.35480e-04
5.70000e-01	4.45000e-01	2.74000e-04
5.70000e-01	4.55000e-01	2.13411e-04
5.70000e-01	4.65000e-01	1.54887e-04
5.70000e-01	4.75000e-01	9.95372e-05
5.70000e-01	4.85000e-01	4.83683e-05
5.70000e-01	4.95000e-01	7.31582e-06

5.90000e-01	0.00000e+00	1.36195e-10
5.90000e-01	5.00000e-03	3.71803e-04
5.90000e-01	1.50000e-02	3.71780e-04
5.90000e-01	2.50000e-02	3.71716e-04
5.90000e-01	3.50000e-02	3.72006e-04
5.90000e-01	4.50000e-02	3.73062e-04
5.90000e-01	5.50000e-02	3.75217e-04
5.90000e-01	6.50000e-02	3.78731e-04
5.90000e-01	7.50000e-02	3.83805e-04
5.90000e-01	8.50000e-02	3.90587e-04
5.90000e-01	9.50000e-02	3.99174e-04
5.90000e-01	1.05000e-01	4.09618e-04
5.90000e-01	1.15000e-01	4.21928e-04
5.90000e-01	1.25000e-01	4.36071e-04
5.90000e-01	1.35000e-01	4.51974e-04
5.90000e-01	1.45000e-01	4.69523e-04
5.90000e-01	1.55000e-01	4.88563e-04
5.90000e-01	1.65000e-01	5.08903e-04
5.90000e-01	1.75000e-01	5.30308e-04
5.90000e-01	1.85000e-01	5.52505e-04
5.90000e-01	1.95000e-01	5.75184e-04
5.90000e-01	2.05000e-01	5.97993e-04
5.90000e-01	2.15000e-01	6.20548e-04
5.90000e-01	2.25000e-01	6.42430e-04
5.90000e-01	2.35000e-01	6.63187e-04
5.90000e-01	2.45000e-01	6.82348e-04
5.90000e-01	2.55000e-01	6.99418e-04
5.90000e-01	2.65000e-01	7.13897e-04
5.90000e-01	2.75000e-01	7.25280e-04
5.90000e-01	2.85000e-01	7.33076e-04
5.90000e-01	2.95000e-01	7.36818e-04
5.90000e-01	3.05000e-01	7.36078e-04
5.90000e-01	3.15000e-01	7.30484e-04
5.90000e-01	3.25000e-01	7.19737e-04
5.90000e-01	3.35000e-01	7.03627e-04
5.90000e-01	3.45000e-01	6.82049e-04
5.90000e-01	3.55000e-01	6.55019e-04
5.90000e-01	3.65000e-01	6.22683e-04
5.90000e-01	3.75000e-01	5.85328e-04
5.90000e-01	3.85000e-01	5.43380e-04
5.90000e-01	3.95000e-01	4.97404e-04
5.90000e-01	4.05000e-01	4.48091e-04
5.90000e-01	4.15000e-01	3.96244e-04
5.90000e-01	4.25000e-01	3.42754e-04
5.90000e-01	4.35000e-01	2.88573e-04
5.90000e-01	4.45000e-01	2.34680e-04
5.90000e-01	4.55000e-01	1.82051e-04
5.90000e-01	4.65000e-01	1.31628e-04
5.90000e-01	4.75000e-01	8.42829e-05
5.90000e-01	4.85000e-01	4.08020e-05
5.90000e-01	4.95000e-01	6.12758e-06

6.10000e-01	0.00000e+00	3.06772e-11
6.10000e-01	5.00000e-03	3.76910e-04
6.10000e-01	1.50000e-02	3.77058e-04
6.10000e-01	2.50000e-02	3.77483e-04
6.10000e-01	3.50000e-02	3.78458e-04
6.10000e-01	4.50000e-02	3.80276e-04
6.10000e-01	5.50000e-02	3.83171e-04
6.10000e-01	6.50000e-02	3.87324e-04
6.10000e-01	7.50000e-02	3.92870e-04
6.10000e-01	8.50000e-02	3.99902e-04
6.10000e-01	9.50000e-02	4.08476e-04
6.10000e-01	1.05000e-01	4.18605e-04
6.10000e-01	1.15000e-01	4.30270e-04
6.10000e-01	1.25000e-01	4.43416e-04
6.10000e-01	1.35000e-01	4.57950e-04
6.10000e-01	1.45000e-01	4.73747e-04
6.10000e-01	1.55000e-01	4.90645e-04
6.10000e-01	1.65000e-01	5.08449e-04
6.10000e-01	1.75000e-01	5.26928e-04
6.10000e-01	1.85000e-01	5.45818e-04
6.10000e-01	1.95000e-01	5.64825e-04
6.10000e-01	2.05000e-01	5.83621e-04
6.10000e-01	2.15000e-01	6.01851e-04
6.10000e-01	2.25000e-01	6.19136e-04
6.10000e-01	2.35000e-01	6.35076e-04
6.10000e-01	2.45000e-01	6.49258e-04
6.10000e-01	2.55000e-01	6.61259e-04
6.10000e-01	2.65000e-01	6.70658e-04
6.10000e-01	2.75000e-01	6.77044e-04
6.10000e-01	2.85000e-01	6.80025e-04
6.10000e-01	2.95000e-01	6.79244e-04
6.10000e-01	3.05000e-01	6.74387e-04
6.10000e-01	3.15000e-01	6.65198e-04
6.10000e-01	3.25000e-01	6.51494e-04
6.10000e-01	3.35000e-01	6.33174e-04
6.10000e-01	3.45000e-01	6.10233e-04
6.10000e-01	3.55000e-01	5.82770e-04
6.10000e-01	3.65000e-01	5.50991e-04
6.10000e-01	3.75000e-01	5.15218e-04
6.10000e-01	3.85000e-01	4.75882e-04
6.10000e-01	3.95000e-01	4.33518e-04
6.10000e-01	4.05000e-01	3.88752e-04
6.10000e-01	4.15000e-01	3.42289e-04
6.10000e-01	4.25000e-01	2.94888e-04
6.10000e-01	4.35000e-01	2.47342e-04
6.10000e-01	4.45000e-01	2.00452e-04
6.10000e-01	4.55000e-01	1.55004e-04
6.10000e-01	4.65000e-01	1.11741e-04
6.10000e-01	4.75000e-01	7.13489e-05
6.10000e-01	4.85000e-01	3.44362e-05
6.10000e-01	4.95000e-01	5.13144e-06

6.30000e-01	0.00000e+00	-5.71846e-11
6.30000e-01	5.00000e-03	3.72783e-04
6.30000e-01	1.50000e-02	3.73077e-04
6.30000e-01	2.50000e-02	3.73918e-04
6.30000e-01	3.50000e-02	3.75462e-04
6.30000e-01	4.50000e-02	3.77889e-04
6.30000e-01	5.50000e-02	3.81341e-04
6.30000e-01	6.50000e-02	3.85931e-04
6.30000e-01	7.50000e-02	3.91736e-04
6.30000e-01	8.50000e-02	3.98805e-04
6.30000e-01	9.50000e-02	4.07154e-04
6.30000e-01	1.05000e-01	4.16772e-04
6.30000e-01	1.15000e-01	4.27616e-04
6.30000e-01	1.25000e-01	4.39614e-04
6.30000e-01	1.35000e-01	4.52664e-04
6.30000e-01	1.45000e-01	4.66634e-04
6.30000e-01	1.55000e-01	4.81363e-04
6.30000e-01	1.65000e-01	4.96660e-04
6.30000e-01	1.75000e-01	5.12305e-04
6.30000e-01	1.85000e-01	5.28052e-04
6.30000e-01	1.95000e-01	5.43627e-04
6.30000e-01	2.05000e-01	5.58734e-04
6.30000e-01	2.15000e-01	5.73056e-04
6.30000e-01	2.25000e-01	5.86259e-04
6.30000e-01	2.35000e-01	5.97997e-04
6.30000e-01	2.45000e-01	6.07917e-04
6.30000e-01	2.55000e-01	6.15668e-04
6.30000e-01	2.65000e-01	6.20906e-04
6.30000e-01	2.75000e-01	6.23304e-04
6.30000e-01	2.85000e-01	6.22562e-04
6.30000e-01	2.95000e-01	6.18415e-04
6.30000e-01	3.05000e-01	6.10644e-04
6.30000e-01	3.15000e-01	5.99087e-04
6.30000e-01	3.25000e-01	5.83649e-04
6.30000e-01	3.35000e-01	5.64309e-04
6.30000e-01	3.45000e-01	5.41128e-04
6.30000e-01	3.55000e-01	5.14255e-04
6.30000e-01	3.65000e-01	4.83925e-04
6.30000e-01	3.75000e-01	4.50465e-04
6.30000e-01	3.85000e-01	4.14286e-04
6.30000e-01	3.95000e-01	3.75872e-04
6.30000e-01	4.05000e-01	3.35776e-04
6.30000e-01	4.15000e-01	2.94599e-04
6.30000e-01	4.25000e-01	2.52976e-04
6.30000e-01	4.35000e-01	2.11560e-04
6.30000e-01	4.45000e-01	1.70997e-04
6.30000e-01	4.55000e-01	1.31912e-04
6.30000e-01	4.65000e-01	9.48920e-05
6.30000e-01	4.75000e-01	6.04708e-05
6.30000e-01	4.85000e-01	2.91186e-05
6.30000e-01	4.95000e-01	4.30159e-06

6.50000e-01	0.00000e+00	-1.25431e-10
6.50000e-01	5.00000e-03	3.60741e-04
6.50000e-01	1.50000e-02	3.61152e-04
6.50000e-01	2.50000e-02	3.62328e-04
6.50000e-01	3.50000e-02	3.64320e-04
6.50000e-01	4.50000e-02	3.67205e-04
6.50000e-01	5.50000e-02	3.71050e-04
6.50000e-01	6.50000e-02	3.75902e-04
6.50000e-01	7.50000e-02	3.81793e-04
6.50000e-01	8.50000e-02	3.88734e-04
6.50000e-01	9.50000e-02	3.96713e-04
6.50000e-01	1.05000e-01	4.05695e-04
6.50000e-01	1.15000e-01	4.15624e-04
6.50000e-01	1.25000e-01	4.26416e-04
6.50000e-01	1.35000e-01	4.37966e-04
6.50000e-01	1.45000e-01	4.50141e-04
6.50000e-01	1.55000e-01	4.62786e-04
6.50000e-01	1.65000e-01	4.75720e-04
6.50000e-01	1.75000e-01	4.88741e-04
6.50000e-01	1.85000e-01	5.01622e-04
6.50000e-01	1.95000e-01	5.14120e-04
6.50000e-01	2.05000e-01	5.25970e-04
6.50000e-01	2.15000e-01	5.36898e-04
6.50000e-01	2.25000e-01	5.46616e-04
6.50000e-01	2.35000e-01	5.54831e-04
6.50000e-01	2.45000e-01	5.61251e-04
6.50000e-01	2.55000e-01	5.65590e-04
6.50000e-01	2.65000e-01	5.67576e-04
6.50000e-01	2.75000e-01	5.66954e-04
6.50000e-01	2.85000e-01	5.63502e-04
6.50000e-01	2.95000e-01	5.57032e-04
6.50000e-01	3.05000e-01	5.47401e-04
6.50000e-01	3.15000e-01	5.34518e-04
6.50000e-01	3.25000e-01	5.18351e-04
6.50000e-01	3.35000e-01	4.98933e-04
6.50000e-01	3.45000e-01	4.76365e-04
6.50000e-01	3.55000e-01	4.50820e-04
6.50000e-01	3.65000e-01	4.22540e-04
6.50000e-01	3.75000e-01	3.91836e-04
6.50000e-01	3.85000e-01	3.59082e-04
6.50000e-01	3.95000e-01	3.24706e-04
6.50000e-01	4.05000e-01	2.89182e-04
6.50000e-01	4.15000e-01	2.53014e-04
6.50000e-01	4.25000e-01	2.16728e-04
6.50000e-01	4.35000e-01	1.80851e-04
6.50000e-01	4.45000e-01	1.45902e-04
6.50000e-01	4.55000e-01	1.12377e-04
6.50000e-01	4.65000e-01	8.07341e-05
6.50000e-01	4.75000e-01	5.13895e-05
6.50000e-01	4.85000e-01	2.47066e-05
6.50000e-01	4.95000e-01	3.61438e-06

6.70000e-01	0.00000e+00	-1.74322e-10
6.70000e-01	5.00000e-03	3.42183e-04
6.70000e-01	1.50000e-02	3.42681e-04
6.70000e-01	2.50000e-02	3.44109e-04
6.70000e-01	3.50000e-02	3.46431e-04
6.70000e-01	4.50000e-02	3.49639e-04
6.70000e-01	5.50000e-02	3.53731e-04
6.70000e-01	6.50000e-02	3.58705e-04
6.70000e-01	7.50000e-02	3.64552e-04
6.70000e-01	8.50000e-02	3.71255e-04
6.70000e-01	9.50000e-02	3.78777e-04
6.70000e-01	1.05000e-01	3.87070e-04
6.70000e-01	1.15000e-01	3.96065e-04
6.70000e-01	1.25000e-01	4.05676e-04
6.70000e-01	1.35000e-01	4.15794e-04
6.70000e-01	1.45000e-01	4.26294e-04
6.70000e-01	1.55000e-01	4.37029e-04
6.70000e-01	1.65000e-01	4.47834e-04
6.70000e-01	1.75000e-01	4.58525e-04
6.70000e-01	1.85000e-01	4.68901e-04
6.70000e-01	1.95000e-01	4.78747e-04
6.70000e-01	2.05000e-01	4.87837e-04
6.70000e-01	2.15000e-01	4.95933e-04
6.70000e-01	2.25000e-01	5.02796e-04
6.70000e-01	2.35000e-01	5.08183e-04
6.70000e-01	2.45000e-01	5.11856e-04
6.70000e-01	2.55000e-01	5.13589e-04
6.70000e-01	2.65000e-01	5.13168e-04
6.70000e-01	2.75000e-01	5.10406e-04
6.70000e-01	2.85000e-01	5.05139e-04
6.70000e-01	2.95000e-01	4.97243e-04
6.70000e-01	3.05000e-01	4.86630e-04
6.70000e-01	3.15000e-01	4.73261e-04
6.70000e-01	3.25000e-01	4.57148e-04
6.70000e-01	3.35000e-01	4.38355e-04
6.70000e-01	3.45000e-01	4.17005e-04
6.70000e-01	3.55000e-01	3.93274e-04
6.70000e-01	3.65000e-01	3.67397e-04
6.70000e-01	3.75000e-01	3.39656e-04
6.70000e-01	3.85000e-01	3.10383e-04
6.70000e-01	3.95000e-01	2.79945e-04
6.70000e-01	4.05000e-01	2.48743e-04
6.70000e-01	4.15000e-01	2.17194e-04
6.70000e-01	4.25000e-01	1.85726e-04
6.70000e-01	4.35000e-01	1.54765e-04
6.70000e-01	4.45000e-01	1.24723e-04
6.70000e-01	4.55000e-01	9.59919e-05
6.70000e-01	4.65000e-01	6.89311e-05
6.70000e-01	4.75000e-01	4.38636e-05
6.70000e-01	4.85000e-01	2.10706e-05
6.70000e-01	4.95000e-01	3.04884e-06

6.90000e-01	0.00000e+00	-2.05829e-10
6.90000e-01	5.00000e-03	3.18499e-04
6.90000e-01	1.50000e-02	3.19055e-04
6.90000e-01	2.50000e-02	3.20656e-04
6.90000e-01	3.50000e-02	3.23200e-04
6.90000e-01	4.50000e-02	3.26610e-04
6.90000e-01	5.50000e-02	3.30831e-04
6.90000e-01	6.50000e-02	3.35820e-04
6.90000e-01	7.50000e-02	3.41538e-04
6.90000e-01	8.50000e-02	3.47940e-04
6.90000e-01	9.50000e-02	3.54975e-04
6.90000e-01	1.05000e-01	3.62584e-04
6.90000e-01	1.15000e-01	3.70690e-04
6.90000e-01	1.25000e-01	3.79206e-04
6.90000e-01	1.35000e-01	3.88029e-04
6.90000e-01	1.45000e-01	3.97039e-04
6.90000e-01	1.55000e-01	4.06103e-04
6.90000e-01	1.65000e-01	4.15071e-04
6.90000e-01	1.75000e-01	4.23781e-04
6.90000e-01	1.85000e-01	4.32058e-04
6.90000e-01	1.95000e-01	4.39716e-04
6.90000e-01	2.05000e-01	4.46564e-04
6.90000e-01	2.15000e-01	4.52402e-04
6.90000e-01	2.25000e-01	4.57033e-04
6.90000e-01	2.35000e-01	4.60259e-04
6.90000e-01	2.45000e-01	4.61892e-04
6.90000e-01	2.55000e-01	4.61754e-04
6.90000e-01	2.65000e-01	4.59684e-04
6.90000e-01	2.75000e-01	4.55544e-04
6.90000e-01	2.85000e-01	4.49221e-04
6.90000e-01	2.95000e-01	4.40634e-04
6.90000e-01	3.05000e-01	4.29739e-04
6.90000e-01	3.15000e-01	4.16532e-04
6.90000e-01	3.25000e-01	4.01049e-04
6.90000e-01	3.35000e-01	3.83372e-04
6.90000e-01	3.45000e-01	3.63630e-04
6.90000e-01	3.55000e-01	3.41992e-04
6.90000e-01	3.65000e-01	3.18673e-04
6.90000e-01	3.75000e-01	2.93924e-04
6.90000e-01	3.85000e-01	2.68030e-04
6.90000e-01	3.95000e-01	2.41303e-04
6.90000e-01	4.05000e-01	2.14075e-04
6.90000e-01	4.15000e-01	1.86688e-04
6.90000e-01	4.25000e-01	1.59490e-04
6.90000e-01	4.35000e-01	1.32822e-04
6.90000e-01	4.45000e-01	1.07011e-04
6.90000e-01	4.55000e-01	8.23665e-05
6.90000e-01	4.65000e-01	5.91701e-05
6.90000e-01	4.75000e-01	3.76739e-05
6.90000e-01	4.85000e-01	1.80959e-05
6.90000e-01	4.95000e-01	2.58680e-06

7.10000e-01	0.00000e+00	-2.22989e-10
7.10000e-01	5.00000e-03	2.90996e-04
7.10000e-01	1.50000e-02	2.91584e-04
7.10000e-01	2.50000e-02	2.93287e-04
7.10000e-01	3.50000e-02	2.95959e-04
7.10000e-01	4.50000e-02	2.99472e-04
7.10000e-01	5.50000e-02	3.03731e-04
7.10000e-01	6.50000e-02	3.08661e-04
7.10000e-01	7.50000e-02	3.14197e-04
7.10000e-01	8.50000e-02	3.20278e-04
7.10000e-01	9.50000e-02	3.26840e-04
7.10000e-01	1.05000e-01	3.33814e-04
7.10000e-01	1.15000e-01	3.41124e-04
7.10000e-01	1.25000e-01	3.48681e-04
7.10000e-01	1.35000e-01	3.56389e-04
7.10000e-01	1.45000e-01	3.64137e-04
7.10000e-01	1.55000e-01	3.71806e-04
7.10000e-01	1.65000e-01	3.79263e-04
7.10000e-01	1.75000e-01	3.86366e-04
7.10000e-01	1.85000e-01	3.92965e-04
7.10000e-01	1.95000e-01	3.98904e-04
7.10000e-01	2.05000e-01	4.04021e-04
7.10000e-01	2.15000e-01	4.08152e-04
7.10000e-01	2.25000e-01	4.11136e-04
7.10000e-01	2.35000e-01	4.12817e-04
7.10000e-01	2.45000e-01	4.13044e-04
7.10000e-01	2.55000e-01	4.11683e-04
7.10000e-01	2.65000e-01	4.08612e-04
7.10000e-01	2.75000e-01	4.03733e-04
7.10000e-01	2.85000e-01	3.96971e-04
7.10000e-01	2.95000e-01	3.88277e-04
7.10000e-01	3.05000e-01	3.77635e-04
7.10000e-01	3.15000e-01	3.65061e-04
7.10000e-01	3.25000e-01	3.50607e-04
7.10000e-01	3.35000e-01	3.34360e-04
7.10000e-01	3.45000e-01	3.16444e-04
7.10000e-01	3.55000e-01	2.97015e-04
7.10000e-01	3.65000e-01	2.76263e-04
7.10000e-01	3.75000e-01	2.54406e-04
7.10000e-01	3.85000e-01	2.31684e-04
7.10000e-01	3.95000e-01	2.08359e-04
7.10000e-01	4.05000e-01	1.84704e-04
7.10000e-01	4.15000e-01	1.60998e-04
7.10000e-01	4.25000e-01	1.37522e-04
7.10000e-01	4.35000e-01	1.14548e-04
7.10000e-01	4.45000e-01	9.23390e-05
7.10000e-01	4.55000e-01	7.11378e-05
7.10000e-01	4.65000e-01	5.11673e-05
7.10000e-01	4.75000e-01	3.26253e-05
7.10000e-01	4.85000e-01	1.56821e-05
7.10000e-01	4.95000e-01	2.21272e-06

7.30000e-01	0.00000e+00	-2.29302e-10
7.30000e-01	5.00000e-03	2.60853e-04
7.30000e-01	1.50000e-02	2.61452e-04
7.30000e-01	2.50000e-02	2.63198e-04
7.30000e-01	3.50000e-02	2.65921e-04
7.30000e-01	4.50000e-02	2.69460e-04
7.30000e-01	5.50000e-02	2.73690e-04
7.30000e-01	6.50000e-02	2.78514e-04
7.30000e-01	7.50000e-02	2.83848e-04
7.30000e-01	8.50000e-02	2.89618e-04
7.30000e-01	9.50000e-02	2.95751e-04
7.30000e-01	1.05000e-01	3.02174e-04
7.30000e-01	1.15000e-01	3.08808e-04
7.30000e-01	1.25000e-01	3.15570e-04
7.30000e-01	1.35000e-01	3.22368e-04
7.30000e-01	1.45000e-01	3.29103e-04
7.30000e-01	1.55000e-01	3.35667e-04
7.30000e-01	1.65000e-01	3.41945e-04
7.30000e-01	1.75000e-01	3.47815e-04
7.30000e-01	1.85000e-01	3.53150e-04
7.30000e-01	1.95000e-01	3.57818e-04
7.30000e-01	2.05000e-01	3.61685e-04
7.30000e-01	2.15000e-01	3.64618e-04
7.30000e-01	2.25000e-01	3.66486e-04
7.30000e-01	2.35000e-01	3.67165e-04
7.30000e-01	2.45000e-01	3.66539e-04
7.30000e-01	2.55000e-01	3.64504e-04
7.30000e-01	2.65000e-01	3.60972e-04
7.30000e-01	2.75000e-01	3.55873e-04
7.30000e-01	2.85000e-01	3.49157e-04
7.30000e-01	2.95000e-01	3.40799e-04
7.30000e-01	3.05000e-01	3.30800e-04
7.30000e-01	3.15000e-01	3.19187e-04
7.30000e-01	3.25000e-01	3.06017e-04
7.30000e-01	3.35000e-01	2.91375e-04
7.30000e-01	3.45000e-01	2.75373e-04
7.30000e-01	3.55000e-01	2.58151e-04
7.30000e-01	3.65000e-01	2.39872e-04
7.30000e-01	3.75000e-01	2.20722e-04
7.30000e-01	3.85000e-01	2.00902e-04
7.30000e-01	3.95000e-01	1.80628e-04
7.30000e-01	4.05000e-01	1.60123e-04
7.30000e-01	4.15000e-01	1.39617e-04
7.30000e-01	4.25000e-01	1.19334e-04
7.30000e-01	4.35000e-01	9.94963e-05
7.30000e-01	4.45000e-01	8.03123e-05
7.30000e-01	4.55000e-01	6.19777e-05
7.30000e-01	4.65000e-01	4.46701e-05
7.30000e-01	4.75000e-01	2.85466e-05
7.30000e-01	4.85000e-01	1.37421e-05
7.30000e-01	4.95000e-01	1.91350e-06

7.50000e-01	0.00000e+00	-2.28256e-10
7.50000e-01	5.00000e-03	2.29107e-04
7.50000e-01	1.50000e-02	2.29702e-04
7.50000e-01	2.50000e-02	2.31444e-04
7.50000e-01	3.50000e-02	2.34161e-04
7.50000e-01	4.50000e-02	2.37669e-04
7.50000e-01	5.50000e-02	2.41826e-04
7.50000e-01	6.50000e-02	2.46520e-04
7.50000e-01	7.50000e-02	2.51654e-04
7.50000e-01	8.50000e-02	2.57143e-04
7.50000e-01	9.50000e-02	2.62911e-04
7.50000e-01	1.05000e-01	2.68881e-04
7.50000e-01	1.15000e-01	2.74975e-04
7.50000e-01	1.25000e-01	2.81114e-04
7.50000e-01	1.35000e-01	2.87214e-04
7.50000e-01	1.45000e-01	2.93184e-04
7.50000e-01	1.55000e-01	2.98929e-04
7.50000e-01	1.65000e-01	3.04350e-04
7.50000e-01	1.75000e-01	3.09343e-04
7.50000e-01	1.85000e-01	3.13798e-04
7.50000e-01	1.95000e-01	3.17607e-04
7.50000e-01	2.05000e-01	3.20659e-04
7.50000e-01	2.15000e-01	3.22846e-04
7.50000e-01	2.25000e-01	3.24061e-04
7.50000e-01	2.35000e-01	3.24207e-04
7.50000e-01	2.45000e-01	3.23193e-04
7.50000e-01	2.55000e-01	3.20941e-04
7.50000e-01	2.65000e-01	3.17383e-04
7.50000e-01	2.75000e-01	3.12472e-04
7.50000e-01	2.85000e-01	3.06174e-04
7.50000e-01	2.95000e-01	2.98479e-04
7.50000e-01	3.05000e-01	2.89395e-04
7.50000e-01	3.15000e-01	2.78955e-04
7.50000e-01	3.25000e-01	2.67212e-04
7.50000e-01	3.35000e-01	2.54246e-04
7.50000e-01	3.45000e-01	2.40154e-04
7.50000e-01	3.55000e-01	2.25056e-04
7.50000e-01	3.65000e-01	2.09091e-04
7.50000e-01	3.75000e-01	1.92414e-04
7.50000e-01	3.85000e-01	1.75191e-04
7.50000e-01	3.95000e-01	1.57601e-04
7.50000e-01	4.05000e-01	1.39828e-04
7.50000e-01	4.15000e-01	1.22057e-04
7.50000e-01	4.25000e-01	1.04473e-04
7.50000e-01	4.35000e-01	8.72559e-05
7.50000e-01	4.45000e-01	7.05771e-05
7.50000e-01	4.55000e-01	5.45959e-05
7.50000e-01	4.65000e-01	3.94571e-05
7.50000e-01	4.75000e-01	2.52890e-05
7.50000e-01	4.85000e-01	1.22007e-05
7.50000e-01	4.95000e-01	1.67826e-06

7.70000e-01	0.00000e+00	-2.23024e-10
7.70000e-01	5.00000e-03	1.96660e-04
7.70000e-01	1.50000e-02	1.97239e-04
7.70000e-01	2.50000e-02	1.98946e-04
7.70000e-01	3.50000e-02	2.01615e-04
7.70000e-01	4.50000e-02	2.05055e-04
7.70000e-01	5.50000e-02	2.09113e-04
7.70000e-01	6.50000e-02	2.13668e-04
7.70000e-01	7.50000e-02	2.18617e-04
7.70000e-01	8.50000e-02	2.23868e-04
7.70000e-01	9.50000e-02	2.29342e-04
7.70000e-01	1.05000e-01	2.34962e-04
7.70000e-01	1.15000e-01	2.40652e-04
7.70000e-01	1.25000e-01	2.46337e-04
7.70000e-01	1.35000e-01	2.51939e-04
7.70000e-01	1.45000e-01	2.57378e-04
7.70000e-01	1.55000e-01	2.62571e-04
7.70000e-01	1.65000e-01	2.67430e-04
7.70000e-01	1.75000e-01	2.71866e-04
7.70000e-01	1.85000e-01	2.75787e-04
7.70000e-01	1.95000e-01	2.79102e-04
7.70000e-01	2.05000e-01	2.81719e-04
7.70000e-01	2.15000e-01	2.83548e-04
7.70000e-01	2.25000e-01	2.84505e-04
7.70000e-01	2.35000e-01	2.84510e-04
7.70000e-01	2.45000e-01	2.83491e-04
7.70000e-01	2.55000e-01	2.81387e-04
7.70000e-01	2.65000e-01	2.78148e-04
7.70000e-01	2.75000e-01	2.73738e-04
7.70000e-01	2.85000e-01	2.68134e-04
7.70000e-01	2.95000e-01	2.61332e-04
7.70000e-01	3.05000e-01	2.53343e-04
7.70000e-01	3.15000e-01	2.44200e-04
7.70000e-01	3.25000e-01	2.33949e-04
7.70000e-01	3.35000e-01	2.22657e-04
7.70000e-01	3.45000e-01	2.10409e-04
7.70000e-01	3.55000e-01	1.97304e-04
7.70000e-01	3.65000e-01	1.83456e-04
7.70000e-01	3.75000e-01	1.68995e-04
7.70000e-01	3.85000e-01	1.54057e-04
7.70000e-01	3.95000e-01	1.38789e-04
7.70000e-01	4.05000e-01	1.23343e-04
7.70000e-01	4.15000e-01	1.07871e-04
7.70000e-01	4.25000e-01	9.25288e-05
7.70000e-01	4.35000e-01	7.74650e-05
7.70000e-01	4.45000e-01	6.28238e-05
7.70000e-01	4.55000e-01	4.87402e-05
7.70000e-01	4.65000e-01	3.53373e-05
7.70000e-01	4.75000e-01	2.27242e-05
7.70000e-01	4.85000e-01	1.09937e-05
7.70000e-01	4.95000e-01	1.49826e-06

7.90000e-01	0.00000e+00	-2.16338e-10
7.90000e-01	5.00000e-03	1.64300e-04
7.90000e-01	1.50000e-02	1.64857e-04
7.90000e-01	2.50000e-02	1.66510e-04
7.90000e-01	3.50000e-02	1.69107e-04
7.90000e-01	4.50000e-02	1.72455e-04
7.90000e-01	5.50000e-02	1.76402e-04
7.90000e-01	6.50000e-02	1.80821e-04
7.90000e-01	7.50000e-02	1.85605e-04
7.90000e-01	8.50000e-02	1.90662e-04
7.90000e-01	9.50000e-02	1.95911e-04
7.90000e-01	1.05000e-01	2.01276e-04
7.90000e-01	1.15000e-01	2.06685e-04
7.90000e-01	1.25000e-01	2.12068e-04
7.90000e-01	1.35000e-01	2.17354e-04
7.90000e-01	1.45000e-01	2.22471e-04
7.90000e-01	1.55000e-01	2.27345e-04
7.90000e-01	1.65000e-01	2.31900e-04
7.90000e-01	1.75000e-01	2.36058e-04
7.90000e-01	1.85000e-01	2.39743e-04
7.90000e-01	1.95000e-01	2.42875e-04
7.90000e-01	2.05000e-01	2.45377e-04
7.90000e-01	2.15000e-01	2.47176e-04
7.90000e-01	2.25000e-01	2.48199e-04
7.90000e-01	2.35000e-01	2.48381e-04
7.90000e-01	2.45000e-01	2.47665e-04
7.90000e-01	2.55000e-01	2.45998e-04
7.90000e-01	2.65000e-01	2.43341e-04
7.90000e-01	2.75000e-01	2.39665e-04
7.90000e-01	2.85000e-01	2.34953e-04
7.90000e-01	2.95000e-01	2.29201e-04
7.90000e-01	3.05000e-01	2.22419e-04
7.90000e-01	3.15000e-01	2.14633e-04
7.90000e-01	3.25000e-01	2.05881e-04
7.90000e-01	3.35000e-01	1.96217e-04
7.90000e-01	3.45000e-01	1.85710e-04
7.90000e-01	3.55000e-01	1.74439e-04
7.90000e-01	3.65000e-01	1.62499e-04
7.90000e-01	3.75000e-01	1.49993e-04
7.90000e-01	3.85000e-01	1.37033e-04
7.90000e-01	3.95000e-01	1.23741e-04
7.90000e-01	4.05000e-01	1.10243e-04
7.90000e-01	4.15000e-01	9.66678e-05
7.90000e-01	4.25000e-01	8.31476e-05
7.90000e-01	4.35000e-01	6.98122e-05
7.90000e-01	4.45000e-01	5.67883e-05
7.90000e-01	4.55000e-01	4.41964e-05
7.90000e-01	4.65000e-01	3.21481e-05
7.90000e-01	4.75000e-01	2.07430e-05
7.90000e-01	4.85000e-01	1.00660e-05
7.90000e-01	4.95000e-01	1.36678e-06

8.10000e-01	0.00000e+00	-2.10487e-10
8.10000e-01	5.00000e-03	1.32746e-04
8.10000e-01	1.50000e-02	1.33279e-04
8.10000e-01	2.50000e-02	1.34869e-04
8.10000e-01	3.50000e-02	1.37379e-04
8.10000e-01	4.50000e-02	1.40625e-04
8.10000e-01	5.50000e-02	1.44456e-04
8.10000e-01	6.50000e-02	1.48743e-04
8.10000e-01	7.50000e-02	1.53382e-04
8.10000e-01	8.50000e-02	1.58282e-04
8.10000e-01	9.50000e-02	1.63364e-04
8.10000e-01	1.05000e-01	1.68554e-04
8.10000e-01	1.15000e-01	1.73787e-04
8.10000e-01	1.25000e-01	1.78995e-04
8.10000e-01	1.35000e-01	1.84116e-04
8.10000e-01	1.45000e-01	1.89085e-04
8.10000e-01	1.55000e-01	1.93835e-04
8.10000e-01	1.65000e-01	1.98301e-04
8.10000e-01	1.75000e-01	2.02415e-04
8.10000e-01	1.85000e-01	2.06108e-04
8.10000e-01	1.95000e-01	2.09313e-04
8.10000e-01	2.05000e-01	2.11963e-04
8.10000e-01	2.15000e-01	2.13993e-04
8.10000e-01	2.25000e-01	2.15342e-04
8.10000e-01	2.35000e-01	2.15954e-04
8.10000e-01	2.45000e-01	2.15777e-04
8.10000e-01	2.55000e-01	2.14767e-04
8.10000e-01	2.65000e-01	2.12890e-04
8.10000e-01	2.75000e-01	2.10117e-04
8.10000e-01	2.85000e-01	2.06432e-04
8.10000e-01	2.95000e-01	2.01828e-04
8.10000e-01	3.05000e-01	1.96312e-04
8.10000e-01	3.15000e-01	1.89898e-04
8.10000e-01	3.25000e-01	1.82616e-04
8.10000e-01	3.35000e-01	1.74506e-04
8.10000e-01	3.45000e-01	1.65618e-04
8.10000e-01	3.55000e-01	1.56015e-04
8.10000e-01	3.65000e-01	1.45770e-04
8.10000e-01	3.75000e-01	1.34966e-04
8.10000e-01	3.85000e-01	1.23695e-04
8.10000e-01	3.95000e-01	1.12056e-04
8.10000e-01	4.05000e-01	1.00156e-04
8.10000e-01	4.15000e-01	8.81078e-05
8.10000e-01	4.25000e-01	7.60282e-05
8.10000e-01	4.35000e-01	6.40359e-05
8.10000e-01	4.45000e-01	5.22495e-05
8.10000e-01	4.55000e-01	4.07851e-05
8.10000e-01	4.65000e-01	2.97526e-05
8.10000e-01	4.75000e-01	1.92524e-05
8.10000e-01	4.85000e-01	9.37101e-06
8.10000e-01	4.95000e-01	1.27916e-06

8.30000e-01	0.00000e+00	-2.07414e-10
8.30000e-01	5.00000e-03	1.02691e-04
8.30000e-01	1.50000e-02	1.03200e-04
8.30000e-01	2.50000e-02	1.04724e-04
8.30000e-01	3.50000e-02	1.07144e-04
8.30000e-01	4.50000e-02	1.10281e-04
8.30000e-01	5.50000e-02	1.13991e-04
8.30000e-01	6.50000e-02	1.18149e-04
8.30000e-01	7.50000e-02	1.22655e-04
8.30000e-01	8.50000e-02	1.27422e-04
8.30000e-01	9.50000e-02	1.32375e-04
8.30000e-01	1.05000e-01	1.37448e-04
8.30000e-01	1.15000e-01	1.42579e-04
8.30000e-01	1.25000e-01	1.47709e-04
8.30000e-01	1.35000e-01	1.52781e-04
8.30000e-01	1.45000e-01	1.57737e-04
8.30000e-01	1.55000e-01	1.62519e-04
8.30000e-01	1.65000e-01	1.67066e-04
8.30000e-01	1.75000e-01	1.71318e-04
8.30000e-01	1.85000e-01	1.75213e-04
8.30000e-01	1.95000e-01	1.78692e-04
8.30000e-01	2.05000e-01	1.81692e-04
8.30000e-01	2.15000e-01	1.84157e-04
8.30000e-01	2.25000e-01	1.86030e-04
8.30000e-01	2.35000e-01	1.87260e-04
8.30000e-01	2.45000e-01	1.87798e-04
8.30000e-01	2.55000e-01	1.87604e-04
8.30000e-01	2.65000e-01	1.86642e-04
8.30000e-01	2.75000e-01	1.84884e-04
8.30000e-01	2.85000e-01	1.82310e-04
8.30000e-01	2.95000e-01	1.78908e-04
8.30000e-01	3.05000e-01	1.74676e-04
8.30000e-01	3.15000e-01	1.69619e-04
8.30000e-01	3.25000e-01	1.63753e-04
8.30000e-01	3.35000e-01	1.57104e-04
8.30000e-01	3.45000e-01	1.49706e-04
8.30000e-01	3.55000e-01	1.41604e-04
8.30000e-01	3.65000e-01	1.32851e-04
8.30000e-01	3.75000e-01	1.23512e-04
8.30000e-01	3.85000e-01	1.13660e-04
8.30000e-01	3.95000e-01	1.03378e-04
8.30000e-01	4.05000e-01	9.27585e-05
8.30000e-01	4.15000e-01	8.19013e-05
8.30000e-01	4.25000e-01	7.09153e-05
8.30000e-01	4.35000e-01	5.99156e-05
8.30000e-01	4.45000e-01	4.90217e-05
8.30000e-01	4.55000e-01	3.83549e-05
8.30000e-01	4.65000e-01	2.80342e-05
8.30000e-01	4.75000e-01	1.81720e-05
8.30000e-01	4.85000e-01	8.86786e-06
8.30000e-01	4.95000e-01	1.23279e-06

8.50000e-01	0.00000e+00	-2.08852e-10
8.50000e-01	5.00000e-03	7.48505e-05
8.50000e-01	1.50000e-02	7.53375e-05
8.50000e-01	2.50000e-02	7.67979e-05
8.50000e-01	3.50000e-02	7.91234e-05
8.50000e-01	4.50000e-02	8.21452e-05
8.50000e-01	5.50000e-02	8.57234e-05
8.50000e-01	6.50000e-02	8.97433e-05
8.50000e-01	7.50000e-02	9.41106e-05
8.50000e-01	8.50000e-02	9.87474e-05
8.50000e-01	9.50000e-02	1.03587e-04
8.50000e-01	1.05000e-01	1.08572e-04
8.50000e-01	1.15000e-01	1.13647e-04
8.50000e-01	1.25000e-01	1.18763e-04
8.50000e-01	1.35000e-01	1.23866e-04
8.50000e-01	1.45000e-01	1.28906e-04
8.50000e-01	1.55000e-01	1.33830e-04
8.50000e-01	1.65000e-01	1.38583e-04
8.50000e-01	1.75000e-01	1.43108e-04
8.50000e-01	1.85000e-01	1.47348e-04
8.50000e-01	1.95000e-01	1.51246e-04
8.50000e-01	2.05000e-01	1.54745e-04
8.50000e-01	2.15000e-01	1.57789e-04
8.50000e-01	2.25000e-01	1.60324e-04
8.50000e-01	2.35000e-01	1.62300e-04
8.50000e-01	2.45000e-01	1.63669e-04
8.50000e-01	2.55000e-01	1.64390e-04
8.50000e-01	2.65000e-01	1.64425e-04
8.50000e-01	2.75000e-01	1.63741e-04
8.50000e-01	2.85000e-01	1.62314e-04
8.50000e-01	2.95000e-01	1.60124e-04
8.50000e-01	3.05000e-01	1.57158e-04
8.50000e-01	3.15000e-01	1.53412e-04
8.50000e-01	3.25000e-01	1.48888e-04
8.50000e-01	3.35000e-01	1.43595e-04
8.50000e-01	3.45000e-01	1.37552e-04
8.50000e-01	3.55000e-01	1.30787e-04
8.50000e-01	3.65000e-01	1.23335e-04
8.50000e-01	3.75000e-01	1.15242e-04
8.50000e-01	3.85000e-01	1.06565e-04
8.50000e-01	3.95000e-01	9.73737e-05
8.50000e-01	4.05000e-01	8.77469e-05
8.50000e-01	4.15000e-01	7.77782e-05
8.50000e-01	4.25000e-01	6.75732e-05
8.50000e-01	4.35000e-01	5.72495e-05
8.50000e-01	4.45000e-01	4.69356e-05
8.50000e-01	4.55000e-01	3.67676e-05
8.50000e-01	4.65000e-01	2.68853e-05
8.50000e-01	4.75000e-01	1.74265e-05
8.50000e-01	4.85000e-01	8.51836e-06
8.50000e-01	4.95000e-01	1.22687e-06

8.70000e-01	0.00000e+00	-2.16459e-10
8.70000e-01	5.00000e-03	5.00029e-05
8.70000e-01	1.50000e-02	5.04694e-05
8.70000e-01	2.50000e-02	5.18681e-05
8.70000e-01	3.50000e-02	5.40934e-05
8.70000e-01	4.50000e-02	5.69832e-05
8.70000e-01	5.50000e-02	6.04066e-05
8.70000e-01	6.50000e-02	6.42601e-05
8.70000e-01	7.50000e-02	6.84622e-05
8.70000e-01	8.50000e-02	7.29478e-05
8.70000e-01	9.50000e-02	7.76631e-05
8.70000e-01	1.05000e-01	8.25609e-05
8.70000e-01	1.15000e-01	8.75973e-05
8.70000e-01	1.25000e-01	9.27287e-05
8.70000e-01	1.35000e-01	9.79104e-05
8.70000e-01	1.45000e-01	1.03095e-04
8.70000e-01	1.55000e-01	1.08234e-04
8.70000e-01	1.65000e-01	1.13274e-04
8.70000e-01	1.75000e-01	1.18160e-04
8.70000e-01	1.85000e-01	1.22837e-04
8.70000e-01	1.95000e-01	1.27247e-04
8.70000e-01	2.05000e-01	1.31334e-04
8.70000e-01	2.15000e-01	1.35041e-04
8.70000e-01	2.25000e-01	1.38315e-04
8.70000e-01	2.35000e-01	1.41104e-04
8.70000e-01	2.45000e-01	1.43357e-04
8.70000e-01	2.55000e-01	1.45031e-04
8.70000e-01	2.65000e-01	1.46083e-04
8.70000e-01	2.75000e-01	1.46476e-04
8.70000e-01	2.85000e-01	1.46179e-04
8.70000e-01	2.95000e-01	1.45162e-04
8.70000e-01	3.05000e-01	1.43404e-04
8.70000e-01	3.15000e-01	1.40888e-04
8.70000e-01	3.25000e-01	1.37602e-04
8.70000e-01	3.35000e-01	1.33542e-04
8.70000e-01	3.45000e-01	1.28710e-04
8.70000e-01	3.55000e-01	1.23115e-04
8.70000e-01	3.65000e-01	1.16778e-04
8.70000e-01	3.75000e-01	1.09727e-04
8.70000e-01	3.85000e-01	1.02004e-04
8.70000e-01	3.95000e-01	9.36633e-05
8.70000e-01	4.05000e-01	8.47763e-05
8.70000e-01	4.15000e-01	7.54304e-05
8.70000e-01	4.25000e-01	6.57321e-05
8.70000e-01	4.35000e-01	5.58066e-05
8.70000e-01	4.45000e-01	4.57979e-05
8.70000e-01	4.55000e-01	3.58665e-05
8.70000e-01	4.65000e-01	2.61850e-05
8.70000e-01	4.75000e-01	1.69316e-05
8.70000e-01	4.85000e-01	8.27991e-06
8.70000e-01	4.95000e-01	1.26148e-06

8.90000e-01	0.00000e+00	-2.31907e-10
8.90000e-01	5.00000e-03	2.90103e-05
8.90000e-01	1.50000e-02	2.94561e-05
8.90000e-01	2.50000e-02	3.07904e-05
8.90000e-01	3.50000e-02	3.28985e-05
8.90000e-01	4.50000e-02	3.56235e-05
8.90000e-01	5.50000e-02	3.88473e-05
8.90000e-01	6.50000e-02	4.24839e-05
8.90000e-01	7.50000e-02	4.64711e-05
8.90000e-01	8.50000e-02	5.07626e-05
8.90000e-01	9.50000e-02	5.53215e-05
8.90000e-01	1.05000e-01	6.01145e-05
8.90000e-01	1.15000e-01	6.51081e-05
8.90000e-01	1.25000e-01	7.02665e-05
8.90000e-01	1.35000e-01	7.55493e-05
8.90000e-01	1.45000e-01	8.09120e-05
8.90000e-01	1.55000e-01	8.63053e-05
8.90000e-01	1.65000e-01	9.16761e-05
8.90000e-01	1.75000e-01	9.69685e-05
8.90000e-01	1.85000e-01	1.02124e-04
8.90000e-01	1.95000e-01	1.07084e-04
8.90000e-01	2.05000e-01	1.11789e-04
8.90000e-01	2.15000e-01	1.16179e-04
8.90000e-01	2.25000e-01	1.20200e-04
8.90000e-01	2.35000e-01	1.23794e-04
8.90000e-01	2.45000e-01	1.26910e-04
8.90000e-01	2.55000e-01	1.29500e-04
8.90000e-01	2.65000e-01	1.31515e-04
8.90000e-01	2.75000e-01	1.32914e-04
8.90000e-01	2.85000e-01	1.33658e-04
8.90000e-01	2.95000e-01	1.33711e-04
8.90000e-01	3.05000e-01	1.33040e-04
8.90000e-01	3.15000e-01	1.31618e-04
8.90000e-01	3.25000e-01	1.29421e-04
8.90000e-01	3.35000e-01	1.26431e-04
8.90000e-01	3.45000e-01	1.22635e-04
8.90000e-01	3.55000e-01	1.18027e-04
8.90000e-01	3.65000e-01	1.12610e-04
8.90000e-01	3.75000e-01	1.06398e-04
8.90000e-01	3.85000e-01	9.94188e-05
8.90000e-01	3.95000e-01	9.17143e-05
8.90000e-01	4.05000e-01	8.33467e-05
8.90000e-01	4.15000e-01	7.43999e-05
8.90000e-01	4.25000e-01	6.49827e-05
8.90000e-01	4.35000e-01	5.52312e-05
8.90000e-01	4.45000e-01	4.53098e-05
8.90000e-01	4.55000e-01	3.54105e-05
8.90000e-01	4.65000e-01	2.57501e-05
8.90000e-01	4.75000e-01	1.65629e-05
8.90000e-01	4.85000e-01	8.09022e-06
8.90000e-01	4.95000e-01	1.33459e-06

9.10000e-01	0.00000e+00	-2.56865e-10
9.10000e-01	5.00000e-03	1.27917e-05
9.10000e-01	1.50000e-02	1.32126e-05
9.10000e-01	2.50000e-02	1.44696e-05
9.10000e-01	3.50000e-02	1.64251e-05
9.10000e-01	4.50000e-02	1.89304e-05
9.10000e-01	5.50000e-02	2.18888e-05
9.10000e-01	6.50000e-02	2.52419e-05
9.10000e-01	7.50000e-02	2.89555e-05
9.10000e-01	8.50000e-02	3.30080e-05
9.10000e-01	9.50000e-02	3.73820e-05
9.10000e-01	1.05000e-01	4.20581e-05
9.10000e-01	1.15000e-01	4.70113e-05
9.10000e-01	1.25000e-01	5.22095e-05
9.10000e-01	1.35000e-01	5.76132e-05
9.10000e-01	1.45000e-01	6.31753e-05
9.10000e-01	1.55000e-01	6.88429e-05
9.10000e-01	1.65000e-01	7.45583e-05
9.10000e-01	1.75000e-01	8.02602e-05
9.10000e-01	1.85000e-01	8.58856e-05
9.10000e-01	1.95000e-01	9.13705e-05
9.10000e-01	2.05000e-01	9.66512e-05
9.10000e-01	2.15000e-01	1.01665e-04
9.10000e-01	2.25000e-01	1.06352e-04
9.10000e-01	2.35000e-01	1.10654e-04
9.10000e-01	2.45000e-01	1.14514e-04
9.10000e-01	2.55000e-01	1.17880e-04
9.10000e-01	2.65000e-01	1.20702e-04
9.10000e-01	2.75000e-01	1.22932e-04
9.10000e-01	2.85000e-01	1.24526e-04
9.10000e-01	2.95000e-01	1.25442e-04
9.10000e-01	3.05000e-01	1.25641e-04
9.10000e-01	3.15000e-01	1.25085e-04
9.10000e-01	3.25000e-01	1.23741e-04
9.10000e-01	3.35000e-01	1.21580e-04
9.10000e-01	3.45000e-01	1.18577e-04
9.10000e-01	3.55000e-01	1.14714e-04
9.10000e-01	3.65000e-01	1.09981e-04
9.10000e-01	3.75000e-01	1.04380e-04
9.10000e-01	3.85000e-01	9.79241e-05
9.10000e-01	3.95000e-01	9.06479e-05
9.10000e-01	4.05000e-01	8.26061e-05
9.10000e-01	4.15000e-01	7.38803e-05
9.10000e-01	4.25000e-01	6.45831e-05
9.10000e-01	4.35000e-01	5.48626e-05
9.10000e-01	4.45000e-01	4.49056e-05
9.10000e-01	4.55000e-01	3.49397e-05
9.10000e-01	4.65000e-01	2.52322e-05
9.10000e-01	4.75000e-01	1.60863e-05
9.10000e-01	4.85000e-01	7.83078e-06
9.10000e-01	4.95000e-01	1.43226e-06

9.30000e-01	0.00000e+00	-2.92762e-10
9.30000e-01	5.00000e-03	2.19924e-06
9.30000e-01	1.50000e-02	2.58403e-06
9.30000e-01	2.50000e-02	3.73476e-06
9.30000e-01	3.50000e-02	5.48097e-06
9.30000e-01	4.50000e-02	7.69743e-06
9.30000e-01	5.50000e-02	1.03273e-05
9.30000e-01	6.50000e-02	1.33536e-05
9.30000e-01	7.50000e-02	1.67770e-05
9.30000e-01	8.50000e-02	2.06014e-05
9.30000e-01	9.50000e-02	2.48249e-05
9.30000e-01	1.05000e-01	2.94350e-05
9.30000e-01	1.15000e-01	3.44069e-05
9.30000e-01	1.25000e-01	3.97039e-05
9.30000e-01	1.35000e-01	4.52790e-05
9.30000e-01	1.45000e-01	5.10760e-05
9.30000e-01	1.55000e-01	5.70325e-05
9.30000e-01	1.65000e-01	6.30816e-05
9.30000e-01	1.75000e-01	6.91539e-05
9.30000e-01	1.85000e-01	7.51791e-05
9.30000e-01	1.95000e-01	8.10871e-05
9.30000e-01	2.05000e-01	8.68098e-05
9.30000e-01	2.15000e-01	9.22808e-05
9.30000e-01	2.25000e-01	9.74367e-05
9.30000e-01	2.35000e-01	1.02217e-04
9.30000e-01	2.45000e-01	1.06564e-04
9.30000e-01	2.55000e-01	1.10424e-04
9.30000e-01	2.65000e-01	1.13744e-04
9.30000e-01	2.75000e-01	1.16475e-04
9.30000e-01	2.85000e-01	1.18570e-04
9.30000e-01	2.95000e-01	1.19985e-04
9.30000e-01	3.05000e-01	1.20675e-04
9.30000e-01	3.15000e-01	1.20600e-04
9.30000e-01	3.25000e-01	1.19721e-04
9.30000e-01	3.35000e-01	1.18003e-04
9.30000e-01	3.45000e-01	1.15416e-04
9.30000e-01	3.55000e-01	1.11935e-04
9.30000e-01	3.65000e-01	1.07542e-04
9.30000e-01	3.75000e-01	1.02235e-04
9.30000e-01	3.85000e-01	9.60225e-05
9.30000e-01	3.95000e-01	8.89349e-05
9.30000e-01	4.05000e-01	8.10264e-05
9.30000e-01	4.15000e-01	7.23815e-05
9.30000e-01	4.25000e-01	6.31205e-05
9.30000e-01	4.35000e-01	5.34056e-05
9.30000e-01	4.45000e-01	4.34467e-05
9.30000e-01	4.55000e-01	3.35056e-05
9.30000e-01	4.65000e-01	2.38995e-05
9.30000e-01	4.75000e-01	1.50014e-05
9.30000e-01	4.85000e-01	7.23547e-06
9.30000e-01	4.95000e-01	1.49722e-06

9.50000e-01	0.00000e+00	-3.40136e-10
9.50000e-01	5.00000e-03	-2.31527e-06
9.50000e-01	1.50000e-02	-1.98789e-06
9.50000e-01	2.50000e-02	-9.93670e-07
9.50000e-01	3.50000e-02	4.85641e-07
9.50000e-01	4.50000e-02	2.39132e-06
9.50000e-01	5.50000e-02	4.73112e-06
9.50000e-01	6.50000e-02	7.53450e-06
9.50000e-01	7.50000e-02	1.08283e-05
9.50000e-01	8.50000e-02	1.46250e-05
9.50000e-01	9.50000e-02	1.89182e-05
9.50000e-01	1.05000e-01	2.36829e-05
9.50000e-01	1.15000e-01	2.88771e-05
9.50000e-01	1.25000e-01	3.44453e-05
9.50000e-01	1.35000e-01	4.03216e-05
9.50000e-01	1.45000e-01	4.64329e-05
9.50000e-01	1.55000e-01	5.27023e-05
9.50000e-01	1.65000e-01	5.90507e-05
9.50000e-01	1.75000e-01	6.53994e-05
9.50000e-01	1.85000e-01	7.16713e-05
9.50000e-01	1.95000e-01	7.77920e-05
9.50000e-01	2.05000e-01	8.36906e-05
9.50000e-01	2.15000e-01	8.92999e-05
9.50000e-01	2.25000e-01	9.45565e-05
9.50000e-01	2.35000e-01	9.94011e-05
9.50000e-01	2.45000e-01	1.03778e-04
9.50000e-01	2.55000e-01	1.07634e-04
9.50000e-01	2.65000e-01	1.10919e-04
9.50000e-01	2.75000e-01	1.13587e-04
9.50000e-01	2.85000e-01	1.15591e-04
9.50000e-01	2.95000e-01	1.16890e-04
9.50000e-01	3.05000e-01	1.17441e-04
9.50000e-01	3.15000e-01	1.17205e-04
9.50000e-01	3.25000e-01	1.16147e-04
9.50000e-01	3.35000e-01	1.14234e-04
9.50000e-01	3.45000e-01	1.11438e-04
9.50000e-01	3.55000e-01	1.07739e-04
9.50000e-01	3.65000e-01	1.03128e-04
9.50000e-01	3.75000e-01	9.76070e-05
9.50000e-01	3.85000e-01	9.11964e-05
9.50000e-01	3.95000e-01	8.39385e-05
9.50000e-01	4.05000e-01	7.59032e-05
9.50000e-01	4.15000e-01	6.71930e-05
9.50000e-01	4.25000e-01	5.79500e-05
9.50000e-01	4.35000e-01	4.83615e-05
9.50000e-01	4.45000e-01	3.86657e-05
9.50000e-01	4.55000e-01	2.91580e-05
9.50000e-01	4.65000e-01	2.01951e-05
9.50000e-01	4.75000e-01	1.22004e-05
9.50000e-01	4.85000e-01	5.66817e-06
9.50000e-01	4.95000e-01	1.33037e-06

9.70000e-01	0.00000e+00	-3.97118e-10
9.70000e-01	5.00000e-03	-1.52088e-06
9.70000e-01	1.50000e-02	-1.28253e-06
9.70000e-01	2.50000e-02	-5.10022e-07
9.70000e-01	3.50000e-02	7.89667e-07
9.70000e-01	4.50000e-02	2.66678e-06
9.70000e-01	5.50000e-02	5.16936e-06
9.70000e-01	6.50000e-02	8.32246e-06
9.70000e-01	7.50000e-02	1.21227e-05
9.70000e-01	8.50000e-02	1.65397e-05
9.70000e-01	9.50000e-02	2.15206e-05
9.70000e-01	1.05000e-01	2.69954e-05
9.70000e-01	1.15000e-01	3.28820e-05
9.70000e-01	1.25000e-01	3.90906e-05
9.70000e-01	1.35000e-01	4.55283e-05
9.70000e-01	1.45000e-01	5.21013e-05
9.70000e-01	1.55000e-01	5.87179e-05
9.70000e-01	1.65000e-01	6.52897e-05
9.70000e-01	1.75000e-01	7.17333e-05
9.70000e-01	1.85000e-01	7.79702e-05
9.70000e-01	1.95000e-01	8.39278e-05
9.70000e-01	2.05000e-01	8.95389e-05
9.70000e-01	2.15000e-01	9.47414e-05
9.70000e-01	2.25000e-01	9.94783e-05
9.70000e-01	2.35000e-01	1.03697e-04
9.70000e-01	2.45000e-01	1.07348e-04
9.70000e-01	2.55000e-01	1.10387e-04
9.70000e-01	2.65000e-01	1.12771e-04
9.70000e-01	2.75000e-01	1.14459e-04
9.70000e-01	2.85000e-01	1.15414e-04
9.70000e-01	2.95000e-01	1.15602e-04
9.70000e-01	3.05000e-01	1.14989e-04
9.70000e-01	3.15000e-01	1.13547e-04
9.70000e-01	3.25000e-01	1.11252e-04
9.70000e-01	3.35000e-01	1.08087e-04
9.70000e-01	3.45000e-01	1.04042e-04
9.70000e-01	3.55000e-01	9.91186e-05
9.70000e-01	3.65000e-01	9.33330e-05
9.70000e-01	3.75000e-01	8.67196e-05
9.70000e-01	3.85000e-01	7.93354e-05
9.70000e-01	3.95000e-01	7.12654e-05
9.70000e-01	4.05000e-01	6.26278e-05
9.70000e-01	4.15000e-01	5.35791e-05
9.70000e-01	4.25000e-01	4.43197e-05
9.70000e-01	4.35000e-01	3.50975e-05
9.70000e-01	4.45000e-01	2.62113e-05
9.70000e-01	4.55000e-01	1.80110e-05
9.70000e-01	4.65000e-01	1.08944e-05
9.70000e-01	4.75000e-01	5.30047e-06
9.70000e-01	4.85000e-01	1.69914e-06
9.70000e-01	4.95000e-01	4.16151e-07

9.90000e-01	0.00000e+00	-4.58531e-10
9.90000e-01	5.00000e-03	-3.58072e-09
9.90000e-01	1.50000e-02	1.22167e-07
9.90000e-01	2.50000e-02	6.45195e-07
9.90000e-01	3.50000e-02	1.79975e-06
9.90000e-01	4.50000e-02	3.71752e-06
9.90000e-01	5.50000e-02	6.45131e-06
9.90000e-01	6.50000e-02	9.99619e-06
9.90000e-01	7.50000e-02	1.43056e-05
9.90000e-01	8.50000e-02	1.93040e-05
9.90000e-01	9.50000e-02	2.48965e-05
9.90000e-01	1.05000e-01	3.09770e-05
9.90000e-01	1.15000e-01	3.74335e-05
9.90000e-01	1.25000e-01	4.41533e-05
9.90000e-01	1.35000e-01	5.10260e-05
9.90000e-01	1.45000e-01	5.79459e-05
9.90000e-01	1.55000e-01	6.48136e-05
9.90000e-01	1.65000e-01	7.15369e-05
9.90000e-01	1.75000e-01	7.80313e-05
9.90000e-01	1.85000e-01	8.42197e-05
9.90000e-01	1.95000e-01	9.00321e-05
9.90000e-01	2.05000e-01	9.54055e-05
9.90000e-01	2.15000e-01	1.00283e-04
9.90000e-01	2.25000e-01	1.04611e-04
9.90000e-01	2.35000e-01	1.08344e-04
9.90000e-01	2.45000e-01	1.11438e-04
9.90000e-01	2.55000e-01	1.13851e-04
9.90000e-01	2.65000e-01	1.15547e-04
9.90000e-01	2.75000e-01	1.16490e-04
9.90000e-01	2.85000e-01	1.16646e-04
9.90000e-01	2.95000e-01	1.15986e-04
9.90000e-01	3.05000e-01	1.14484e-04
9.90000e-01	3.15000e-01	1.12115e-04
9.90000e-01	3.25000e-01	1.08865e-04
9.90000e-01	3.35000e-01	1.04723e-04
9.90000e-01	3.45000e-01	9.96925e-05
9.90000e-01	3.55000e-01	9.37879e-05
9.90000e-01	3.65000e-01	8.70426e-05
9.90000e-01	3.75000e-01	7.95113e-05
9.90000e-01	3.85000e-01	7.12763e-05
9.90000e-01	3.95000e-01	6.24520e-05
9.90000e-01	4.05000e-01	5.31913e-05
9.90000e-01	4.15000e-01	4.36909e-05
9.90000e-01	4.25000e-01	3.41971e-05
9.90000e-01	4.35000e-01	2.50105e-05
9.90000e-01	4.45000e-01	1.64889e-05
9.90000e-01	4.55000e-01	9.04863e-06
9.90000e-01	4.65000e-01	3.16112e-06
9.90000e-01	4.75000e-01	-6.57272e-07
9.90000e-01	4.85000e-01	-1.86858e-06
9.90000e-01	4.95000e-01	-4.38688e-07

