0.00000e+00	0.00000e+00	0.00000e+00
0.00000e+00	5.00000e-03	0.00000e+00
0.00000e+00	1.50000e-02	0.00000e+00
0.00000e+00	2.50000e-02	0.00000e+00
0.00000e+00	3.50000e-02	0.00000e+00
0.00000e+00	4.50000e-02	0.00000e+00
0.00000e+00	5.50000e-02	0.00000e+00
0.00000e+00	6.50000e-02	0.00000e+00
0.00000e+00	7.50000e-02	0.00000e+00
0.00000e+00	8.50000e-02	0.00000e+00
0.00000e+00	9.50000e-02	0.00000e+00
0.00000e+00	1.05000e-01	0.00000e+00
0.00000e+00	1.15000e-01	0.00000e+00
0.00000e+00	1.25000e-01	0.00000e+00
0.00000e+00	1.35000e-01	0.00000e+00
0.00000e+00	1.45000e-01	0.00000e+00
0.00000e+00	1.55000e-01	0.00000e+00
0.00000e+00	1.65000e-01	0.00000e+00
0.00000e+00	1.75000e-01	0.00000e+00
0.00000e+00	1.85000e-01	0.00000e+00
0.00000e+00	1.95000e-01	0.00000e+00
0.00000e+00	2.05000e-01	0.00000e+00
0.00000e+00	2.15000e-01	4.00000e-01
0.00000e+00	2.25000e-01	4.00000e-01
0.00000e+00	2.35000e-01	4.00000e-01
0.00000e+00	2.45000e-01	4.00000e-01
0.00000e+00	2.55000e-01	4.00000e-01
0.00000e+00	2.65000e-01	4.00000e-01
0.00000e+00	2.75000e-01	0.00000e+00
0.00000e+00	2.85000e-01	0.00000e+00
0.00000e+00	2.95000e-01	0.00000e+00
0.00000e+00	3.05000e-01	0.00000e+00
0.00000e+00	3.15000e-01	0.00000e+00
0.00000e+00	3.25000e-01	0.00000e+00
0.00000e+00	3.35000e-01	0.00000e+00
0.00000e+00	3.45000e-01	0.00000e+00
0.00000e+00	3.55000e-01	0.00000e+00
0.00000e+00	3.65000e-01	0.00000e+00
0.00000e+00	3.75000e-01	0.00000e+00
0.00000e+00	3.85000e-01	0.00000e+00
0.00000e+00	3.95000e-01	0.00000e+00
0.00000e+00	4.05000e-01	0.00000e+00
0.00000e+00	4.15000e-01	0.00000e+00
0.00000e+00	4.25000e-01	0.00000e+00
0.00000e+00	4.35000e-01	0.00000e+00
0.00000e+00	4.45000e-01	0.00000e+00
0.00000e+00	4.55000e-01	0.00000e+00
0.00000e+00	4.65000e-01	0.00000e+00
0.00000e+00	4.75000e-01	0.00000e+00
0.00000e+00	4.85000e-01	0.00000e+00
0.00000e+00	4.95000e-01	0.00000e+00
0.00000e+00	5.00000e-01	0.00000e+00

2.00000e-02	0.00000e+00	0.00000e+00
2.00000e-02	5.00000e-03	-2.42948e-08
2.00000e-02	1.50000e-02	-2.42948e-08
2.00000e-02	2.50000e-02	-1.32498e-04
2.00000e-02	3.50000e-02	-2.08994e-04
2.00000e-02	4.50000e-02	-2.81450e-04
2.00000e-02	5.50000e-02	-3.78026e-04
2.00000e-02	6.50000e-02	-5.17896e-04
2.00000e-02	7.50000e-02	-7.18907e-04
2.00000e-02	8.50000e-02	-1.00194e-03
2.00000e-02	9.50000e-02	-1.39371e-03
2.00000e-02	1.05000e-01	-1.92875e-03
2.00000e-02	1.15000e-01	-2.65008e-03
2.00000e-02	1.25000e-01	-3.60647e-03
2.00000e-02	1.35000e-01	-4.83989e-03
2.00000e-02	1.45000e-01	-6.34499e-03
2.00000e-02	1.55000e-01	-7.95023e-03
2.00000e-02	1.65000e-01	-8.97239e-03
2.00000e-02	1.75000e-01	-7.20880e-03
2.00000e-02	1.85000e-01	3.89738e-03
2.00000e-02	1.95000e-01	4.19003e-02
2.00000e-02	2.05000e-01	1.43973e-01
2.00000e-02	2.15000e-01	3.50900e-01
2.00000e-02	2.25000e-01	3.91206e-01
2.00000e-02	2.35000e-01	3.98758e-01
2.00000e-02	2.45000e-01	3.98090e-01
2.00000e-02	2.55000e-01	3.88073e-01
2.00000e-02	2.65000e-01	3.41959e-01
2.00000e-02	2.75000e-01	1.30357e-01
2.00000e-02	2.85000e-01	3.43341e-02
2.00000e-02	2.95000e-01	1.21199e-03
2.00000e-02	3.05000e-01	-7.19828e-03
2.00000e-02	3.15000e-01	-7.70783e-03
2.00000e-02	3.25000e-01	-6.34239e-03
2.00000e-02	3.35000e-01	-5.00743e-03
2.00000e-02	3.45000e-01	-4.19452e-03
2.00000e-02	3.55000e-01	-3.93764e-03
2.00000e-02	3.65000e-01	-4.13667e-03
2.00000e-02	3.75000e-01	-4.66190e-03
2.00000e-02	3.85000e-01	-5.38413e-03
2.00000e-02	3.95000e-01	-6.18115e-03
2.00000e-02	4.05000e-01	-6.93828e-03
2.00000e-02	4.15000e-01	-7.54886e-03
2.00000e-02	4.25000e-01	-7.91658e-03
2.00000e-02	4.35000e-01	-7.95952e-03
2.00000e-02	4.45000e-01	-7.61595e-03
2.00000e-02	4.55000e-01	-6.85157e-03
2.00000e-02	4.65000e-01	-5.66875e-03
2.00000e-02	4.75000e-01	-4.12052e-03
2.00000e-02	4.85000e-01	-2.33702e-03
2.00000e-02	4.95000e-01	-5.83379e-04
2.00000e-02	5.00000e-01	-0.00000e+00

4.00000e-02	0.00000e+00	0.00000e+00
4.00000e-02	5.00000e-03	-5.26509e-08
4.00000e-02	1.50000e-02	-5.26509e-08
4.00000e-02	2.50000e-02	-1.06998e-04
4.00000e-02	3.50000e-02	-2.17972e-04
4.00000e-02	4.50000e-02	-3.52147e-04
4.00000e-02	5.50000e-02	-5.29478e-04
4.00000e-02	6.50000e-02	-7.70617e-04
4.00000e-02	7.50000e-02	-1.09808e-03
4.00000e-02	8.50000e-02	-1.53651e-03
4.00000e-02	9.50000e-02	-2.11082e-03
4.00000e-02	1.05000e-01	-2.83997e-03
4.00000e-02	1.15000e-01	-3.72244e-03
4.00000e-02	1.25000e-01	-4.70385e-03
4.00000e-02	1.35000e-01	-5.60679e-03
4.00000e-02	1.45000e-01	-5.97947e-03
4.00000e-02	1.55000e-01	-4.77432e-03
4.00000e-02	1.65000e-01	3.03003e-04
4.00000e-02	1.75000e-01	1.39548e-02
4.00000e-02	1.85000e-01	4.47577e-02
4.00000e-02	1.95000e-01	1.05226e-01
4.00000e-02	2.05000e-01	2.01527e-01
4.00000e-02	2.15000e-01	3.26416e-01
4.00000e-02	2.25000e-01	3.75585e-01
4.00000e-02	2.35000e-01	3.88806e-01
4.00000e-02	2.45000e-01	3.86392e-01
4.00000e-02	2.55000e-01	3.66407e-01
4.00000e-02	2.65000e-01	3.06680e-01
4.00000e-02	2.75000e-01	1.76180e-01
4.00000e-02	2.85000e-01	8.44892e-02
4.00000e-02	2.95000e-01	3.33174e-02
4.00000e-02	3.05000e-01	9.36804e-03
4.00000e-02	3.15000e-01	-3.80141e-04
4.00000e-02	3.25000e-01	-3.91113e-03
4.00000e-02	3.35000e-01	-5.23990e-03
4.00000e-02	3.45000e-01	-6.13222e-03
4.00000e-02	3.55000e-01	-7.25610e-03
4.00000e-02	3.65000e-01	-8.78138e-03
4.00000e-02	3.75000e-01	-1.06589e-02
4.00000e-02	3.85000e-01	-1.27441e-02
4.00000e-02	3.95000e-01	-1.48513e-02
4.00000e-02	4.05000e-01	-1.67787e-02
4.00000e-02	4.15000e-01	-1.83234e-02
4.00000e-02	4.25000e-01	-1.92923e-02
4.00000e-02	4.35000e-01	-1.95146e-02
4.00000e-02	4.45000e-01	-1.88548e-02
4.00000e-02	4.55000e-01	-1.72289e-02
4.00000e-02	4.65000e-01	-1.46229e-02
4.00000e-02	4.75000e-01	-1.11114e-02
4.00000e-02	4.85000e-01	-6.87940e-03
4.00000e-02	4.95000e-01	-2.24222e-03
4.00000e-02	5.00000e-01	-0.00000e+00

6.00000e-02	0.00000e+00	0.00000e+00
6.00000e-02	5.00000e-03	-7.97297e-08
6.00000e-02	1.50000e-02	-7.97297e-08
6.00000e-02	2.50000e-02	1.12562e-05
6.00000e-02	3.50000e-02	-2.12033e-05
6.00000e-02	4.50000e-02	-8.73897e-05
6.00000e-02	5.50000e-02	-1.84627e-04
6.00000e-02	6.50000e-02	-3.15886e-04
6.00000e-02	7.50000e-02	-4.86357e-04
6.00000e-02	8.50000e-02	-6.97253e-04
6.00000e-02	9.50000e-02	-9.34821e-04
6.00000e-02	1.05000e-01	-1.15065e-03
6.00000e-02	1.15000e-01	-1.22606e-03
6.00000e-02	1.25000e-01	-9.07389e-04
6.00000e-02	1.35000e-01	3.10697e-04
6.00000e-02	1.45000e-01	3.38905e-03
6.00000e-02	1.55000e-01	1.00740e-02
6.00000e-02	1.65000e-01	2.33445e-02
6.00000e-02	1.75000e-01	4.77751e-02
6.00000e-02	1.85000e-01	8.91949e-02
6.00000e-02	1.95000e-01	1.50577e-01
6.00000e-02	2.05000e-01	2.29360e-01
6.00000e-02	2.15000e-01	3.13176e-01
6.00000e-02	2.25000e-01	3.56928e-01
6.00000e-02	2.35000e-01	3.70685e-01
6.00000e-02	2.45000e-01	3.66161e-01
6.00000e-02	2.55000e-01	3.41445e-01
6.00000e-02	2.65000e-01	2.84301e-01
6.00000e-02	2.75000e-01	1.93628e-01
6.00000e-02	2.85000e-01	1.17861e-01
6.00000e-02	2.95000e-01	6.50786e-02
6.00000e-02	3.05000e-01	3.34218e-02
6.00000e-02	3.15000e-01	1.58168e-02
6.00000e-02	3.25000e-01	6.15098e-03
6.00000e-02	3.35000e-01	3.71626e-04
6.00000e-02	3.45000e-01	-3.81724e-03
6.00000e-02	3.55000e-01	-7.55900e-03
6.00000e-02	3.65000e-01	-1.13293e-02
6.00000e-02	3.75000e-01	-1.52389e-02
6.00000e-02	3.85000e-01	-1.92036e-02
6.00000e-02	3.95000e-01	-2.30354e-02
6.00000e-02	4.05000e-01	-2.64917e-02
6.00000e-02	4.15000e-01	-2.93053e-02
6.00000e-02	4.25000e-01	-3.12051e-02
6.00000e-02	4.35000e-01	-3.19342e-02
6.00000e-02	4.45000e-01	-3.12701e-02
6.00000e-02	4.55000e-01	-2.90470e-02
6.00000e-02	4.65000e-01	-2.51799e-02
6.00000e-02	4.75000e-01	-1.96870e-02
6.00000e-02	4.85000e-01	-1.27041e-02
6.00000e-02	4.95000e-01	-4.47806e-03
6.00000e-02	5.00000e-01	-0.00000e+00

8.00000e-02	0.00000e+00	0.00000e+00
8.00000e-02	5.00000e-03	-1.08253e-07
8.00000e-02	1.50000e-02	-1.08253e-07
8.00000e-02	2.50000e-02	1.81528e-04
8.00000e-02	3.50000e-02	3.37171e-04
8.00000e-02	4.50000e-02	5.09927e-04
8.00000e-02	5.50000e-02	7.31174e-04
8.00000e-02	6.50000e-02	1.02455e-03
8.00000e-02	7.50000e-02	1.41491e-03
8.00000e-02	8.50000e-02	1.94204e-03
8.00000e-02	9.50000e-02	2.68111e-03
8.00000e-02	1.05000e-01	3.77474e-03
8.00000e-02	1.15000e-01	5.48382e-03
8.00000e-02	1.25000e-01	8.26710e-03
8.00000e-02	1.35000e-01	1.28996e-02
8.00000e-02	1.45000e-01	2.06310e-02
8.00000e-02	1.55000e-01	3.33501e-02
8.00000e-02	1.65000e-01	5.36471e-02
8.00000e-02	1.75000e-01	8.45232e-02
8.00000e-02	1.85000e-01	1.27319e-01
8.00000e-02	1.95000e-01	1.80212e-01
8.00000e-02	2.05000e-01	2.40591e-01
8.00000e-02	2.15000e-01	2.97974e-01
8.00000e-02	2.25000e-01	3.31318e-01
8.00000e-02	2.35000e-01	3.42125e-01
8.00000e-02	2.45000e-01	3.36021e-01
8.00000e-02	2.55000e-01	3.11656e-01
8.00000e-02	2.65000e-01	2.63904e-01
8.00000e-02	2.75000e-01	1.98293e-01
8.00000e-02	2.85000e-01	1.38061e-01
8.00000e-02	2.95000e-01	9.07885e-02
8.00000e-02	3.05000e-01	5.72581e-02
8.00000e-02	3.15000e-01	3.51002e-02
8.00000e-02	3.25000e-01	2.05496e-02
8.00000e-02	3.35000e-01	1.04640e-02
8.00000e-02	3.45000e-01	2.68348e-03
8.00000e-02	3.55000e-01	-4.07699e-03
8.00000e-02	3.65000e-01	-1.04687e-02
8.00000e-02	3.75000e-01	-1.67307e-02
8.00000e-02	3.85000e-01	-2.28487e-02
8.00000e-02	3.95000e-01	-2.86580e-02
8.00000e-02	4.05000e-01	-3.39053e-02
8.00000e-02	4.15000e-01	-3.82861e-02
8.00000e-02	4.25000e-01	-4.14698e-02
8.00000e-02	4.35000e-01	-4.31195e-02
8.00000e-02	4.45000e-01	-4.29133e-02
8.00000e-02	4.55000e-01	-4.05683e-02
8.00000e-02	4.65000e-01	-3.58693e-02
8.00000e-02	4.75000e-01	-2.86964e-02
8.00000e-02	4.85000e-01	-1.90417e-02
8.00000e-02	4.95000e-01	-6.99800e-03
8.00000e-02	5.00000e-01	-0.00000e+00

1.00000e-01	0.00000e+00	0.00000e+00
1.00000e-01	5.00000e-03	-1.39008e-07
1.00000e-01	1.50000e-02	-1.39008e-07
1.00000e-01	2.50000e-02	3.94080e-04
1.00000e-01	3.50000e-02	8.68735e-04
1.00000e-01	4.50000e-02	1.51007e-03
1.00000e-01	5.50000e-02	2.37680e-03
1.00000e-01	6.50000e-02	3.51844e-03
1.00000e-01	7.50000e-02	4.99479e-03
1.00000e-01	8.50000e-02	6.89741e-03
1.00000e-01	9.50000e-02	9.37616e-03
1.00000e-01	1.05000e-01	1.26755e-02
1.00000e-01	1.15000e-01	1.71837e-02
1.00000e-01	1.25000e-01	2.34941e-02
1.00000e-01	1.35000e-01	3.24669e-02
1.00000e-01	1.45000e-01	4.52581e-02
1.00000e-01	1.55000e-01	6.32522e-02
1.00000e-01	1.65000e-01	8.79041e-02
1.00000e-01	1.75000e-01	1.18744e-01
1.00000e-01	1.85000e-01	1.54327e-01
1.00000e-01	1.95000e-01	1.94256e-01
1.00000e-01	2.05000e-01	2.35550e-01
1.00000e-01	2.15000e-01	2.71355e-01
1.00000e-01	2.25000e-01	2.92235e-01
1.00000e-01	2.35000e-01	2.98156e-01
1.00000e-01	2.45000e-01	2.91607e-01
1.00000e-01	2.55000e-01	2.71882e-01
1.00000e-01	2.65000e-01	2.37351e-01
1.00000e-01	2.75000e-01	1.92677e-01
1.00000e-01	2.85000e-01	1.48821e-01
1.00000e-01	2.95000e-01	1.10891e-01
1.00000e-01	3.05000e-01	7.97018e-02
1.00000e-01	3.15000e-01	5.61095e-02
1.00000e-01	3.25000e-01	3.84167e-02
1.00000e-01	3.35000e-01	2.47792e-02
1.00000e-01	3.45000e-01	1.36192e-02
1.00000e-01	3.55000e-01	3.82127e-03
1.00000e-01	3.65000e-01	-5.27467e-03
1.00000e-01	3.75000e-01	-1.39673e-02
1.00000e-01	3.85000e-01	-2.23005e-02
1.00000e-01	3.95000e-01	-3.01500e-02
1.00000e-01	4.05000e-01	-3.72814e-02
1.00000e-01	4.15000e-01	-4.33865e-02
1.00000e-01	4.25000e-01	-4.81055e-02
1.00000e-01	4.35000e-01	-5.10426e-02
1.00000e-01	4.45000e-01	-5.17825e-02
1.00000e-01	4.55000e-01	-4.99102e-02
1.00000e-01	4.65000e-01	-4.50391e-02
1.00000e-01	4.75000e-01	-3.68398e-02
1.00000e-01	4.85000e-01	-2.50631e-02
1.00000e-01	4.95000e-01	-9.52998e-03
1.00000e-01	5.00000e-01	-0.00000e+00

1.20000e-01	0.00000e+00	0.00000e+00
1.20000e-01	5.00000e-03	-1.69657e-07
1.20000e-01	1.50000e-02	-1.69657e-07
1.20000e-01	2.50000e-02	7.20867e-04
1.20000e-01	3.50000e-02	1.78659e-03
1.20000e-01	4.50000e-02	3.29780e-03
1.20000e-01	5.50000e-02	5.31456e-03
1.20000e-01	6.50000e-02	7.90230e-03
1.20000e-01	7.50000e-02	1.11595e-02
1.20000e-01	8.50000e-02	1.52389e-02
1.20000e-01	9.50000e-02	2.03685e-02
1.20000e-01	1.05000e-01	2.68727e-02
1.20000e-01	1.15000e-01	3.51901e-02
1.20000e-01	1.25000e-01	4.58757e-02
1.20000e-01	1.35000e-01	5.95636e-02
1.20000e-01	1.45000e-01	7.68722e-02
1.20000e-01	1.55000e-01	9.78314e-02
1.20000e-01	1.65000e-01	1.20561e-01
1.20000e-01	1.75000e-01	1.44469e-01
1.20000e-01	1.85000e-01	1.68967e-01
1.20000e-01	1.95000e-01	1.92396e-01
1.20000e-01	2.05000e-01	2.12160e-01
1.20000e-01	2.15000e-01	2.25472e-01
1.20000e-01	2.25000e-01	2.31555e-01
1.20000e-01	2.35000e-01	2.31251e-01
1.20000e-01	2.45000e-01	2.25506e-01
1.20000e-01	2.55000e-01	2.14037e-01
1.20000e-01	2.65000e-01	1.96565e-01
1.20000e-01	2.75000e-01	1.74857e-01
1.20000e-01	2.85000e-01	1.50783e-01
1.20000e-01	2.95000e-01	1.26453e-01
1.20000e-01	3.05000e-01	1.03079e-01
1.20000e-01	3.15000e-01	8.07571e-02
1.20000e-01	3.25000e-01	6.13317e-02
1.20000e-01	3.35000e-01	4.47836e-02
1.20000e-01	3.45000e-01	3.03763e-02
1.20000e-01	3.55000e-01	1.74501e-02
1.20000e-01	3.65000e-01	5.52790e-03
1.20000e-01	3.75000e-01	-5.66196e-03
1.20000e-01	3.85000e-01	-1.62098e-02
1.20000e-01	3.95000e-01	-2.60590e-02
1.20000e-01	4.05000e-01	-3.50374e-02
1.20000e-01	4.15000e-01	-4.28792e-02
1.20000e-01	4.25000e-01	-4.92406e-02
1.20000e-01	4.35000e-01	-5.37082e-02
1.20000e-01	4.45000e-01	-5.58074e-02
1.20000e-01	4.55000e-01	-5.50123e-02
1.20000e-01	4.65000e-01	-5.07642e-02
1.20000e-01	4.75000e-01	-4.24938e-02
1.20000e-01	4.85000e-01	-2.96409e-02
1.20000e-01	4.95000e-01	-1.16433e-02
1.20000e-01	5.00000e-01	-0.00000e+00

1.40000e-01	0.00000e+00	0.00000e+00
1.40000e-01	5.00000e-03	-1.85826e-07
1.40000e-01	1.50000e-02	-1.85826e-07
1.40000e-01	2.50000e-02	1.45246e-03
1.40000e-01	3.50000e-02	3.71932e-03
1.40000e-01	4.50000e-02	6.79099e-03
1.40000e-01	5.50000e-02	1.06889e-02
1.40000e-01	6.50000e-02	1.54891e-02
1.40000e-01	7.50000e-02	2.13290e-02
1.40000e-01	8.50000e-02	2.84106e-02
1.40000e-01	9.50000e-02	3.69974e-02
1.40000e-01	1.05000e-01	4.73960e-02
1.40000e-01	1.15000e-01	5.99106e-02
1.40000e-01	1.25000e-01	7.47614e-02
1.40000e-01	1.35000e-01	9.19173e-02
1.40000e-01	1.45000e-01	1.10252e-01
1.40000e-01	1.55000e-01	1.28825e-01
1.40000e-01	1.65000e-01	1.47286e-01
1.40000e-01	1.75000e-01	1.64037e-01
1.40000e-01	1.85000e-01	1.76321e-01
1.40000e-01	1.95000e-01	1.80636e-01
1.40000e-01	2.05000e-01	1.72400e-01
1.40000e-01	2.15000e-01	1.50106e-01
1.40000e-01	2.25000e-01	1.37187e-01
1.40000e-01	2.35000e-01	1.30472e-01
1.40000e-01	2.45000e-01	1.26638e-01
1.40000e-01	2.55000e-01	1.25430e-01
1.40000e-01	2.65000e-01	1.29887e-01
1.40000e-01	2.75000e-01	1.45141e-01
1.40000e-01	2.85000e-01	1.48376e-01
1.40000e-01	2.95000e-01	1.41148e-01
1.40000e-01	3.05000e-01	1.27605e-01
1.40000e-01	3.15000e-01	1.10900e-01
1.40000e-01	3.25000e-01	9.22856e-02
1.40000e-01	3.35000e-01	7.32110e-02
1.40000e-01	3.45000e-01	5.53553e-02
1.40000e-01	3.55000e-01	3.89578e-02
1.40000e-01	3.65000e-01	2.39080e-02
1.40000e-01	3.75000e-01	1.00117e-02
1.40000e-01	3.85000e-01	-2.87397e-03
1.40000e-01	3.95000e-01	-1.47849e-02
1.40000e-01	4.05000e-01	-2.56400e-02
1.40000e-01	4.15000e-01	-3.52497e-02
1.40000e-01	4.25000e-01	-4.33263e-02
1.40000e-01	4.35000e-01	-4.94874e-02
1.40000e-01	4.45000e-01	-5.32550e-02
1.40000e-01	4.55000e-01	-5.40532e-02
1.40000e-01	4.65000e-01	-5.12095e-02
1.40000e-01	4.75000e-01	-4.39614e-02
1.40000e-01	4.85000e-01	-3.14602e-02
1.40000e-01	4.95000e-01	-1.27523e-02
1.40000e-01	5.00000e-01	-0.00000e+00

1.60000e-01	0.00000e+00	0.00000e+00
1.60000e-01	5.00000e-03	-1.51823e-07
1.60000e-01	1.50000e-02	-1.51823e-07
1.60000e-01	2.50000e-02	3.10452e-03
1.60000e-01	3.50000e-02	7.49349e-03
1.60000e-01	4.50000e-02	1.29330e-02
1.60000e-01	5.50000e-02	1.94231e-02
1.60000e-01	6.50000e-02	2.70482e-02
1.60000e-01	7.50000e-02	3.59314e-02
1.60000e-01	8.50000e-02	4.62082e-02
1.60000e-01	9.50000e-02	5.79944e-02
1.60000e-01	1.05000e-01	7.13399e-02
1.60000e-01	1.15000e-01	8.61644e-02
1.60000e-01	1.25000e-01	1.02167e-01
1.60000e-01	1.35000e-01	1.18664e-01
1.60000e-01	1.45000e-01	1.35704e-01
1.60000e-01	1.55000e-01	1.52783e-01
1.60000e-01	1.65000e-01	1.68986e-01
1.60000e-01	1.75000e-01	1.82672e-01
1.60000e-01	1.85000e-01	1.90077e-01
1.60000e-01	1.95000e-01	1.82760e-01
1.60000e-01	2.05000e-01	1.38498e-01
1.60000e-01	2.15000e-01	5.97054e-34
1.60000e-01	2.25000e-01	4.86468e-34
1.60000e-01	2.35000e-01	4.93595e-34
1.60000e-01	2.45000e-01	5.14742e-34
1.60000e-01	2.55000e-01	5.65809e-34
1.60000e-01	2.65000e-01	7.90528e-34
1.60000e-01	2.75000e-01	1.21632e-01
1.60000e-01	2.85000e-01	1.60169e-01
1.60000e-01	2.95000e-01	1.64805e-01
1.60000e-01	3.05000e-01	1.55937e-01
1.60000e-01	3.15000e-01	1.41379e-01
1.60000e-01	3.25000e-01	1.24375e-01
1.60000e-01	3.35000e-01	1.06359e-01
1.60000e-01	3.45000e-01	8.76164e-02
1.60000e-01	3.55000e-01	6.90510e-02
1.60000e-01	3.65000e-01	5.12719e-02
1.60000e-01	3.75000e-01	3.45487e-02
1.60000e-01	3.85000e-01	1.89975e-02
1.60000e-01	3.95000e-01	4.68006e-03
1.60000e-01	4.05000e-01	-8.32921e-03
1.60000e-01	4.15000e-01	-1.99026e-02
1.60000e-01	4.25000e-01	-2.98340e-02
1.60000e-01	4.35000e-01	-3.78216e-02
1.60000e-01	4.45000e-01	-4.34519e-02
1.60000e-01	4.55000e-01	-4.61864e-02
1.60000e-01	4.65000e-01	-4.53483e-02
1.60000e-01	4.75000e-01	-4.01127e-02
1.60000e-01	4.85000e-01	-2.94931e-02
1.60000e-01	4.95000e-01	-1.23150e-02
1.60000e-01	5.00000e-01	-0.00000e+00

1.80000e-01	0.00000e+00	0.00000e+00
1.80000e-01	5.00000e-03	-6.88852e-08
1.80000e-01	1.50000e-02	-6.88852e-08
1.80000e-01	2.50000e-02	5.56133e-03
1.80000e-01	3.50000e-02	1.23955e-02
1.80000e-01	4.50000e-02	2.01389e-02
1.80000e-01	5.50000e-02	2.87855e-02
1.80000e-01	6.50000e-02	3.83631e-02
1.80000e-01	7.50000e-02	4.88803e-02
1.80000e-01	8.50000e-02	6.02995e-02
1.80000e-01	9.50000e-02	7.25099e-02
1.80000e-01	1.05000e-01	8.52964e-02
1.80000e-01	1.15000e-01	9.83078e-02
1.80000e-01	1.25000e-01	1.11062e-01
1.80000e-01	1.35000e-01	1.23214e-01
1.80000e-01	1.45000e-01	1.33953e-01
1.80000e-01	1.55000e-01	1.41923e-01
1.80000e-01	1.65000e-01	1.44939e-01
1.80000e-01	1.75000e-01	1.39439e-01
1.80000e-01	1.85000e-01	1.19749e-01
1.80000e-01	1.95000e-01	7.98190e-02
1.80000e-01	2.05000e-01	2.54281e-02
1.80000e-01	2.15000e-01	4.74754e-35
1.80000e-01	2.25000e-01	9.12610e-35
1.80000e-01	2.35000e-01	1.20949e-34
1.80000e-01	2.45000e-01	9.92690e-35
1.80000e-01	2.55000e-01	1.15232e-35
1.80000e-01	2.65000e-01	-1.41183e-34
1.80000e-01	2.75000e-01	2.82332e-02
1.80000e-01	2.85000e-01	7.60562e-02
1.80000e-01	2.95000e-01	1.10320e-01
1.80000e-01	3.05000e-01	1.26531e-01
1.80000e-01	3.15000e-01	1.29807e-01
1.80000e-01	3.25000e-01	1.25123e-01
1.80000e-01	3.35000e-01	1.15630e-01
1.80000e-01	3.45000e-01	1.03173e-01
1.80000e-01	3.55000e-01	8.87978e-02
1.80000e-01	3.65000e-01	7.33536e-02
1.80000e-01	3.75000e-01	5.75919e-02
1.80000e-01	3.85000e-01	4.20598e-02
1.80000e-01	3.95000e-01	2.71576e-02
1.80000e-01	4.05000e-01	1.31953e-02
1.80000e-01	4.15000e-01	4.42499e-04
1.80000e-01	4.25000e-01	-1.08285e-02
1.80000e-01	4.35000e-01	-2.03061e-02
1.80000e-01	4.45000e-01	-2.76080e-02
1.80000e-01	4.55000e-01	-3.22559e-02
1.80000e-01	4.65000e-01	-3.36532e-02
1.80000e-01	4.75000e-01	-3.10638e-02
1.80000e-01	4.85000e-01	-2.35888e-02
1.80000e-01	4.95000e-01	-1.01410e-02
1.80000e-01	5.00000e-01	-0.00000e+00

2.00000e-01	0.00000e+00	0.00000e+00
2.00000e-01	5.00000e-03	8.88234e-09
2.00000e-01	1.50000e-02	8.88234e-09
2.00000e-01	2.50000e-02	7.64850e-03
2.00000e-01	3.50000e-02	1.61520e-02
2.00000e-01	4.50000e-02	2.51468e-02
2.00000e-01	5.50000e-02	3.46037e-02
2.00000e-01	6.50000e-02	4.44757e-02
2.00000e-01	7.50000e-02	5.46634e-02
2.00000e-01	8.50000e-02	6.50004e-02
2.00000e-01	9.50000e-02	7.52417e-02
2.00000e-01	1.05000e-01	8.50555e-02
2.00000e-01	1.15000e-01	9.40275e-02
2.00000e-01	1.25000e-01	1.01665e-01
2.00000e-01	1.35000e-01	1.07141e-01
2.00000e-01	1.45000e-01	1.09246e-01
2.00000e-01	1.55000e-01	1.06337e-01
2.00000e-01	1.65000e-01	9.65519e-02
2.00000e-01	1.75000e-01	7.84091e-02
2.00000e-01	1.85000e-01	5.24767e-02
2.00000e-01	1.95000e-01	2.34472e-02
2.00000e-01	2.05000e-01	6.32201e-04
2.00000e-01	2.15000e-01	-2.25288e-35
2.00000e-01	2.25000e-01	2.70490e-36
2.00000e-01	2.35000e-01	1.37870e-35
2.00000e-01	2.45000e-01	6.31442e-36
2.00000e-01	2.55000e-01	-1.74300e-35
2.00000e-01	2.65000e-01	-2.94153e-35
2.00000e-01	2.75000e-01	7.25906e-03
2.00000e-01	2.85000e-01	3.10609e-02
2.00000e-01	2.95000e-01	5.84619e-02
2.00000e-01	3.05000e-01	8.17314e-02
2.00000e-01	3.15000e-01	9.72995e-02
2.00000e-01	3.25000e-01	1.04822e-01
2.00000e-01	3.35000e-01	1.05661e-01
2.00000e-01	3.45000e-01	1.01618e-01
2.00000e-01	3.55000e-01	9.40916e-02
2.00000e-01	3.65000e-01	8.40709e-02
2.00000e-01	3.75000e-01	7.23542e-02
2.00000e-01	3.85000e-01	5.96491e-02
2.00000e-01	3.95000e-01	4.65597e-02
2.00000e-01	4.05000e-01	3.35978e-02
2.00000e-01	4.15000e-01	2.12057e-02
2.00000e-01	4.25000e-01	9.78524e-03
2.00000e-01	4.35000e-01	-2.73756e-04
2.00000e-01	4.45000e-01	-8.56934e-03
2.00000e-01	4.55000e-01	-1.46691e-02
2.00000e-01	4.65000e-01	-1.80957e-02
2.00000e-01	4.75000e-01	-1.83127e-02
2.00000e-01	4.85000e-01	-1.47066e-02
2.00000e-01	4.95000e-01	-6.57473e-03
2.00000e-01	5.00000e-01	-0.00000e+00

2.20000e-01	0.00000e+00	0.00000e+00
2.20000e-01	5.00000e-03	3.86492e-08
2.20000e-01	1.50000e-02	3.86492e-08
2.20000e-01	2.50000e-02	8.28340e-03
2.20000e-01	3.50000e-02	1.71397e-02
2.20000e-01	4.50000e-02	2.60479e-02
2.20000e-01	5.50000e-02	3.49185e-02
2.20000e-01	6.50000e-02	4.36462e-02
2.20000e-01	7.50000e-02	5.20698e-02
2.20000e-01	8.50000e-02	5.99628e-02
2.20000e-01	9.50000e-02	6.70276e-02
2.20000e-01	1.05000e-01	7.28870e-02
2.20000e-01	1.15000e-01	7.70689e-02
2.20000e-01	1.25000e-01	7.89679e-02
2.20000e-01	1.35000e-01	7.78961e-02
2.20000e-01	1.45000e-01	7.31307e-02
2.20000e-01	1.55000e-01	6.41427e-02
2.20000e-01	1.65000e-01	5.08284e-02
2.20000e-01	1.75000e-01	3.39868e-02
2.20000e-01	1.85000e-01	1.58713e-02
2.20000e-01	1.95000e-01	7.37175e-04
2.20000e-01	2.05000e-01	-6.15901e-03
2.20000e-01	2.15000e-01	-6.58621e-35
2.20000e-01	2.25000e-01	-2.45911e-35
2.20000e-01	2.35000e-01	-1.91555e-35
2.20000e-01	2.45000e-01	-2.15530e-35
2.20000e-01	2.55000e-01	-3.99935e-35
2.20000e-01	2.65000e-01	-2.67558e-35
2.20000e-01	2.75000e-01	2.57882e-04
2.20000e-01	2.85000e-01	1.16778e-02
2.20000e-01	2.95000e-01	2.92814e-02
2.20000e-01	3.05000e-01	4.83294e-02
2.20000e-01	3.15000e-01	6.51939e-02
2.20000e-01	3.25000e-01	7.79667e-02
2.20000e-01	3.35000e-01	8.60341e-02
2.20000e-01	3.45000e-01	8.94487e-02
2.20000e-01	3.55000e-01	8.88027e-02
2.20000e-01	3.65000e-01	8.48416e-02
2.20000e-01	3.75000e-01	7.82888e-02
2.20000e-01	3.85000e-01	6.98202e-02
2.20000e-01	3.95000e-01	6.00630e-02
2.20000e-01	4.05000e-01	4.95933e-02
2.20000e-01	4.15000e-01	3.89389e-02
2.20000e-01	4.25000e-01	2.85858e-02
2.20000e-01	4.35000e-01	1.89854e-02
2.20000e-01	4.45000e-01	1.05565e-02
2.20000e-01	4.55000e-01	3.68076e-03
2.20000e-01	4.65000e-01	-1.30622e-03
2.20000e-01	4.75000e-01	-4.12066e-03
2.20000e-01	4.85000e-01	-4.53119e-03
2.20000e-01	4.95000e-01	-2.36322e-03
2.20000e-01	5.00000e-01	-0.00000e+00

2.40000e-01	0.00000e+00	0.00000e+00
2.40000e-01	5.00000e-03	2.71605e-08
2.40000e-01	1.50000e-02	2.71605e-08
2.40000e-01	2.50000e-02	7.29295e-03
2.40000e-01	3.50000e-02	1.52330e-02
2.40000e-01	4.50000e-02	2.29513e-02
2.40000e-01	5.50000e-02	3.02497e-02
2.40000e-01	6.50000e-02	3.69819e-02
2.40000e-01	7.50000e-02	4.29691e-02
2.40000e-01	8.50000e-02	4.79879e-02
2.40000e-01	9.50000e-02	5.17708e-02
2.40000e-01	1.05000e-01	5.40101e-02
2.40000e-01	1.15000e-01	5.43692e-02
2.40000e-01	1.25000e-01	5.25083e-02
2.40000e-01	1.35000e-01	4.81512e-02
2.40000e-01	1.45000e-01	4.11764e-02
2.40000e-01	1.55000e-01	3.17563e-02
2.40000e-01	1.65000e-01	2.04939e-02
2.40000e-01	1.75000e-01	8.56525e-03
2.40000e-01	1.85000e-01	-2.20694e-03
2.40000e-01	1.95000e-01	-9.37735e-03
2.40000e-01	2.05000e-01	-9.98079e-03
2.40000e-01	2.15000e-01	-7.94093e-23
2.40000e-01	2.25000e-01	-9.92617e-24
2.40000e-01	2.35000e-01	-1.15805e-23
2.40000e-01	2.45000e-01	1.48893e-23
2.40000e-01	2.55000e-01	0.00000e+00
2.40000e-01	2.65000e-01	-5.32450e-03
2.40000e-01	2.75000e-01	-3.91034e-03
2.40000e-01	2.85000e-01	3.41936e-03
2.40000e-01	2.95000e-01	1.51263e-02
2.40000e-01	3.05000e-01	2.92123e-02
2.40000e-01	3.15000e-01	4.36171e-02
2.40000e-01	3.25000e-01	5.66536e-02
2.40000e-01	3.35000e-01	6.71795e-02
2.40000e-01	3.45000e-01	7.45666e-02
2.40000e-01	3.55000e-01	7.86591e-02
2.40000e-01	3.65000e-01	7.96232e-02
2.40000e-01	3.75000e-01	7.78073e-02
2.40000e-01	3.85000e-01	7.36566e-02
2.40000e-01	3.95000e-01	6.76642e-02
2.40000e-01	4.05000e-01	6.03403e-02
2.40000e-01	4.15000e-01	5.21916e-02
2.40000e-01	4.25000e-01	4.37062e-02
2.40000e-01	4.35000e-01	3.53360e-02
2.40000e-01	4.45000e-01	2.74740e-02
2.40000e-01	4.55000e-01	2.04238e-02
2.40000e-01	4.65000e-01	1.43676e-02
2.40000e-01	4.75000e-01	9.33987e-03
2.40000e-01	4.85000e-01	5.21266e-03
2.40000e-01	4.95000e-01	1.68289e-03
2.40000e-01	5.00000e-01	0.00000e+00

2.60000e-01	0.00000e+00	0.00000e+00
2.60000e-01	5.00000e-03	1.50117e-08
2.60000e-01	1.50000e-02	1.50117e-08
2.60000e-01	2.50000e-02	5.32810e-03
2.60000e-01	3.50000e-02	1.14980e-02
2.60000e-01	4.50000e-02	1.74188e-02
2.60000e-01	5.50000e-02	2.27591e-02
2.60000e-01	6.50000e-02	2.73413e-02
2.60000e-01	7.50000e-02	3.10065e-02
2.60000e-01	8.50000e-02	3.35881e-02
2.60000e-01	9.50000e-02	3.49131e-02
2.60000e-01	1.05000e-01	3.48150e-02
2.60000e-01	1.15000e-01	3.31564e-02
2.60000e-01	1.25000e-01	2.98625e-02
2.60000e-01	1.35000e-01	2.49691e-02
2.60000e-01	1.45000e-01	1.86762e-02
2.60000e-01	1.55000e-01	1.13996e-02
2.60000e-01	1.65000e-01	3.79701e-03
2.60000e-01	1.75000e-01	-3.24759e-03
2.60000e-01	1.85000e-01	-8.70916e-03
2.60000e-01	1.95000e-01	-1.15993e-02
2.60000e-01	2.05000e-01	-1.13071e-02
2.60000e-01	2.15000e-01	-8.35281e-03
2.60000e-01	2.25000e-01	-6.60907e-03
2.60000e-01	2.35000e-01	-5.58545e-03
2.60000e-01	2.45000e-01	-5.04655e-03
2.60000e-01	2.55000e-01	-4.89049e-03
2.60000e-01	2.65000e-01	-5.08580e-03
2.60000e-01	2.75000e-01	-2.96840e-03
2.60000e-01	2.85000e-01	2.21559e-03
2.60000e-01	2.95000e-01	1.02785e-02
2.60000e-01	3.05000e-01	2.04908e-02
2.60000e-01	3.15000e-01	3.18276e-02
2.60000e-01	3.25000e-01	4.31917e-02
2.60000e-01	3.35000e-01	5.35950e-02
2.60000e-01	3.45000e-01	6.22713e-02
2.60000e-01	3.55000e-01	6.87334e-02
2.60000e-01	3.65000e-01	7.27605e-02
2.60000e-01	3.75000e-01	7.43509e-02
2.60000e-01	3.85000e-01	7.36673e-02
2.60000e-01	3.95000e-01	7.09900e-02
2.60000e-01	4.05000e-01	6.66765e-02
2.60000e-01	4.15000e-01	6.11277e-02
2.60000e-01	4.25000e-01	5.47544e-02
2.60000e-01	4.35000e-01	4.79409e-02
2.60000e-01	4.45000e-01	4.10015e-02
2.60000e-01	4.55000e-01	3.41329e-02
2.60000e-01	4.65000e-01	2.73682e-02
2.60000e-01	4.75000e-01	2.05435e-02
2.60000e-01	4.85000e-01	1.32799e-02
2.60000e-01	4.95000e-01	4.97722e-03
2.60000e-01	5.00000e-01	0.00000e+00

2.80000e-01	0.00000e+00	0.00000e+00
2.80000e-01	5.00000e-03	3.55314e-08
2.80000e-01	1.50000e-02	3.55314e-08
2.80000e-01	2.50000e-02	3.23873e-03
2.80000e-01	3.50000e-02	7.34099e-03
2.80000e-01	4.50000e-02	1.13180e-02
2.80000e-01	5.50000e-02	1.47663e-02
2.80000e-01	6.50000e-02	1.74859e-02
2.80000e-01	7.50000e-02	1.93461e-02
2.80000e-01	8.50000e-02	2.02457e-02
2.80000e-01	9.50000e-02	2.01069e-02
2.80000e-01	1.05000e-01	1.88844e-02
2.80000e-01	1.15000e-01	1.65802e-02
2.80000e-01	1.25000e-01	1.32641e-02
2.80000e-01	1.35000e-01	9.09372e-03
2.80000e-01	1.45000e-01	4.32929e-03
2.80000e-01	1.55000e-01	-6.64755e-04
2.80000e-01	1.65000e-01	-5.43936e-03
2.80000e-01	1.75000e-01	-9.50712e-03
2.80000e-01	1.85000e-01	-1.24182e-02
2.80000e-01	1.95000e-01	-1.38663e-02
2.80000e-01	2.05000e-01	-1.38260e-02
2.80000e-01	2.15000e-01	-1.26996e-02
2.80000e-01	2.25000e-01	-1.13164e-02
2.80000e-01	2.35000e-01	-9.95373e-03
2.80000e-01	2.45000e-01	-8.63202e-03
2.80000e-01	2.55000e-01	-7.20161e-03
2.80000e-01	2.65000e-01	-5.30484e-03
2.80000e-01	2.75000e-01	-2.21590e-03
2.80000e-01	2.85000e-01	2.52547e-03
2.80000e-01	2.95000e-01	9.02608e-03
2.80000e-01	3.05000e-01	1.70776e-02
2.80000e-01	3.15000e-01	2.62255e-02
2.80000e-01	3.25000e-01	3.58568e-02
2.80000e-01	3.35000e-01	4.52998e-02
2.80000e-01	3.45000e-01	5.39187e-02
2.80000e-01	3.55000e-01	6.11900e-02
2.80000e-01	3.65000e-01	6.67449e-02
2.80000e-01	3.75000e-01	7.03813e-02
2.80000e-01	3.85000e-01	7.20530e-02
2.80000e-01	3.95000e-01	7.18469e-02
2.80000e-01	4.05000e-01	6.99533e-02
2.80000e-01	4.15000e-01	6.66311e-02
2.80000e-01	4.25000e-01	6.21684e-02
2.80000e-01	4.35000e-01	5.68362e-02
2.80000e-01	4.45000e-01	5.08359e-02
2.80000e-01	4.55000e-01	4.42467e-02
2.80000e-01	4.65000e-01	3.69807e-02
2.80000e-01	4.75000e-01	2.87536e-02
2.80000e-01	4.85000e-01	1.90760e-02
2.80000e-01	4.95000e-01	7.25910e-03
2.80000e-01	5.00000e-01	0.00000e+00

3.00000e-01	0.00000e+00	0.00000e+00
3.00000e-01	5.00000e-03	9.29231e-08
3.00000e-01	1.50000e-02	9.29231e-08
3.00000e-01	2.50000e-02	1.58332e-03
3.00000e-01	3.50000e-02	3.81994e-03
3.00000e-01	4.50000e-02	6.03958e-03
3.00000e-01	5.50000e-02	7.88483e-03
3.00000e-01	6.50000e-02	9.16408e-03
3.00000e-01	7.50000e-02	9.77140e-03
3.00000e-01	8.50000e-02	9.65078e-03
3.00000e-01	9.50000e-02	8.78432e-03
3.00000e-01	1.05000e-01	7.19199e-03
3.00000e-01	1.15000e-01	4.93644e-03
3.00000e-01	1.25000e-01	2.12858e-03
3.00000e-01	1.35000e-01	-1.06942e-03
3.00000e-01	1.45000e-01	-4.44706e-03
3.00000e-01	1.55000e-01	-7.75690e-03
3.00000e-01	1.65000e-01	-1.07361e-02
3.00000e-01	1.75000e-01	-1.31372e-02
3.00000e-01	1.85000e-01	-1.47661e-02
3.00000e-01	1.95000e-01	-1.55220e-02
3.00000e-01	2.05000e-01	-1.54299e-02
3.00000e-01	2.15000e-01	-1.46465e-02
3.00000e-01	2.25000e-01	-1.34000e-02
3.00000e-01	2.35000e-01	-1.18312e-02
3.00000e-01	2.45000e-01	-9.96634e-03
3.00000e-01	2.55000e-01	-7.71888e-03
3.00000e-01	2.65000e-01	-4.89734e-03
3.00000e-01	2.75000e-01	-1.23671e-03
3.00000e-01	2.85000e-01	3.47793e-03
3.00000e-01	2.95000e-01	9.33794e-03
3.00000e-01	3.05000e-01	1.62829e-02
3.00000e-01	3.15000e-01	2.41009e-02
3.00000e-01	3.25000e-01	3.24513e-02
3.00000e-01	3.35000e-01	4.09050e-02
3.00000e-01	3.45000e-01	4.89982e-02
3.00000e-01	3.55000e-01	5.62880e-02
3.00000e-01	3.65000e-01	6.24005e-02
3.00000e-01	3.75000e-01	6.70625e-02
3.00000e-01	3.85000e-01	7.01157e-02
3.00000e-01	3.95000e-01	7.15149e-02
3.00000e-01	4.05000e-01	7.13129e-02
3.00000e-01	4.15000e-01	6.96328e-02
3.00000e-01	4.25000e-01	6.66316e-02
3.00000e-01	4.35000e-01	6.24547e-02
3.00000e-01	4.45000e-01	5.71868e-02
3.00000e-01	4.55000e-01	5.08055e-02
3.00000e-01	4.65000e-01	4.31475e-02
3.00000e-01	4.75000e-01	3.38915e-02
3.00000e-01	4.85000e-01	2.25614e-02
3.00000e-01	4.95000e-01	8.54076e-03
3.00000e-01	5.00000e-01	0.00000e+00

3.20000e-01	0.00000e+00	0.00000e+00
3.20000e-01	5.00000e-03	1.68802e-07
3.20000e-01	1.50000e-02	1.68802e-07
3.20000e-01	2.50000e-02	5.16390e-04
3.20000e-01	3.50000e-02	1.37167e-03
3.20000e-01	4.50000e-02	2.22316e-03
3.20000e-01	5.50000e-02	2.83791e-03
3.20000e-01	6.50000e-02	3.07393e-03
3.20000e-01	7.50000e-02	2.85480e-03
3.20000e-01	8.50000e-02	2.15149e-03
3.20000e-01	9.50000e-02	9.72442e-04
3.20000e-01	1.05000e-01	-6.40897e-04
3.20000e-01	1.15000e-01	-2.61598e-03
3.20000e-01	1.25000e-01	-4.85093e-03
3.20000e-01	1.35000e-01	-7.21810e-03
3.20000e-01	1.45000e-01	-9.57065e-03
3.20000e-01	1.55000e-01	-1.17528e-02
3.20000e-01	1.65000e-01	-1.36132e-02
3.20000e-01	1.75000e-01	-1.50207e-02
3.20000e-01	1.85000e-01	-1.58796e-02
3.20000e-01	1.95000e-01	-1.61418e-02
3.20000e-01	2.05000e-01	-1.58115e-02
3.20000e-01	2.15000e-01	-1.49370e-02
3.20000e-01	2.25000e-01	-1.35838e-02
3.20000e-01	2.35000e-01	-1.17968e-02
3.20000e-01	2.45000e-01	-9.57806e-03
3.20000e-01	2.55000e-01	-6.88001e-03
3.20000e-01	2.65000e-01	-3.61214e-03
3.20000e-01	2.75000e-01	3.37558e-04
3.20000e-01	2.85000e-01	5.06459e-03
3.20000e-01	2.95000e-01	1.06128e-02
3.20000e-01	3.05000e-01	1.69499e-02
3.20000e-01	3.15000e-01	2.39546e-02
3.20000e-01	3.25000e-01	3.14173e-02
3.20000e-01	3.35000e-01	3.90537e-02
3.20000e-01	3.45000e-01	4.65302e-02
3.20000e-01	3.55000e-01	5.34988e-02
3.20000e-01	3.65000e-01	5.96327e-02
3.20000e-01	3.75000e-01	6.46573e-02
3.20000e-01	3.85000e-01	6.83716e-02
3.20000e-01	3.95000e-01	7.06561e-02
3.20000e-01	4.05000e-01	7.14678e-02
3.20000e-01	4.15000e-01	7.08218e-02
3.20000e-01	4.25000e-01	6.87618e-02
3.20000e-01	4.35000e-01	6.53239e-02
3.20000e-01	4.45000e-01	6.04980e-02
3.20000e-01	4.55000e-01	5.41953e-02
3.20000e-01	4.65000e-01	4.62281e-02
3.20000e-01	4.75000e-01	3.63063e-02
3.20000e-01	4.85000e-01	2.40476e-02
3.20000e-01	4.95000e-01	8.99357e-03
3.20000e-01	5.00000e-01	0.00000e+00

3.40000e-01	0.00000e+00	0.00000e+00
3.40000e-01	5.00000e-03	2.40863e-07
3.40000e-01	1.50000e-02	2.40863e-07
3.40000e-01	2.50000e-02	-6.20564e-05
3.40000e-01	3.50000e-02	-6.82133e-05
3.40000e-01	4.50000e-02	-1.34231e-04
3.40000e-01	5.50000e-02	-3.64449e-04
3.40000e-01	6.50000e-02	-8.31987e-04
3.40000e-01	7.50000e-02	-1.57594e-03
3.40000e-01	8.50000e-02	-2.60437e-03
3.40000e-01	9.50000e-02	-3.89829e-03
3.40000e-01	1.05000e-01	-5.41527e-03
3.40000e-01	1.15000e-01	-7.09267e-03
3.40000e-01	1.25000e-01	-8.85124e-03
3.40000e-01	1.35000e-01	-1.05995e-02
3.40000e-01	1.45000e-01	-1.22391e-02
3.40000e-01	1.55000e-01	-1.36716e-02
3.40000e-01	1.65000e-01	-1.48058e-02
3.40000e-01	1.75000e-01	-1.55647e-02
3.40000e-01	1.85000e-01	-1.58910e-02
3.40000e-01	1.95000e-01	-1.57511e-02
3.40000e-01	2.05000e-01	-1.51338e-02
3.40000e-01	2.15000e-01	-1.40447e-02
3.40000e-01	2.25000e-01	-1.24956e-02
3.40000e-01	2.35000e-01	-1.04922e-02
3.40000e-01	2.45000e-01	-8.02454e-03
3.40000e-01	2.55000e-01	-5.06391e-03
3.40000e-01	2.65000e-01	-1.56625e-03
3.40000e-01	2.75000e-01	2.51758e-03
3.40000e-01	2.85000e-01	7.22575e-03
3.40000e-01	2.95000e-01	1.25680e-02
3.40000e-01	3.05000e-01	1.85101e-02
3.40000e-01	3.15000e-01	2.49626e-02
3.40000e-01	3.25000e-01	3.17762e-02
3.40000e-01	3.35000e-01	3.87458e-02
3.40000e-01	3.45000e-01	4.56219e-02
3.40000e-01	3.55000e-01	5.21313e-02
3.40000e-01	3.65000e-01	5.80001e-02
3.40000e-01	3.75000e-01	6.29785e-02
3.40000e-01	3.85000e-01	6.68590e-02
3.40000e-01	3.95000e-01	6.94870e-02
3.40000e-01	4.05000e-01	7.07607e-02
3.40000e-01	4.15000e-01	7.06201e-02
3.40000e-01	4.25000e-01	6.90271e-02
3.40000e-01	4.35000e-01	6.59405e-02
3.40000e-01	4.45000e-01	6.12911e-02
3.40000e-01	4.55000e-01	5.49640e-02
3.40000e-01	4.65000e-01	4.67908e-02
3.40000e-01	4.75000e-01	3.65539e-02
3.40000e-01	4.85000e-01	2.39990e-02
3.40000e-01	4.95000e-01	8.84401e-03
3.40000e-01	5.00000e-01	0.00000e+00

3.60000e-01	0.00000e+00	0.00000e+00
3.60000e-01	5.00000e-03	2.95722e-07
3.60000e-01	1.50000e-02	2.95722e-07
3.60000e-01	2.50000e-02	-3.22269e-04
3.60000e-01	3.50000e-02	-7.81325e-04
3.60000e-01	4.50000e-02	-1.37086e-03
3.60000e-01	5.50000e-02	-2.10377e-03
3.60000e-01	6.50000e-02	-2.99248e-03
3.60000e-01	7.50000e-02	-4.03928e-03
3.60000e-01	8.50000e-02	-5.23258e-03
3.60000e-01	9.50000e-02	-6.54640e-03
3.60000e-01	1.05000e-01	-7.94150e-03
3.60000e-01	1.15000e-01	-9.36737e-03
3.60000e-01	1.25000e-01	-1.07649e-02
3.60000e-01	1.35000e-01	-1.20693e-02
3.60000e-01	1.45000e-01	-1.32142e-02
3.60000e-01	1.55000e-01	-1.41348e-02
3.60000e-01	1.65000e-01	-1.47719e-02
3.60000e-01	1.75000e-01	-1.50749e-02
3.60000e-01	1.85000e-01	-1.50044e-02
3.60000e-01	1.95000e-01	-1.45323e-02
3.60000e-01	2.05000e-01	-1.36414e-02
3.60000e-01	2.15000e-01	-1.23219e-02
3.60000e-01	2.25000e-01	-1.05676e-02
3.60000e-01	2.35000e-01	-8.37067e-03
3.60000e-01	2.45000e-01	-5.71901e-03
3.60000e-01	2.55000e-01	-2.59479e-03
3.60000e-01	2.65000e-01	1.02307e-03
3.60000e-01	2.75000e-01	5.15344e-03
3.60000e-01	2.85000e-01	9.80469e-03
3.60000e-01	2.95000e-01	1.49651e-02
3.60000e-01	3.05000e-01	2.05931e-02
3.60000e-01	3.15000e-01	2.66098e-02
3.60000e-01	3.25000e-01	3.28943e-02
3.60000e-01	3.35000e-01	3.92843e-02
3.60000e-01	3.45000e-01	4.55823e-02
3.60000e-01	3.55000e-01	5.15668e-02
3.60000e-01	3.65000e-01	5.70085e-02
3.60000e-01	3.75000e-01	6.16862e-02
3.60000e-01	3.85000e-01	6.54012e-02
3.60000e-01	3.95000e-01	6.79870e-02
3.60000e-01	4.05000e-01	6.93111e-02
3.60000e-01	4.15000e-01	6.92695e-02
3.60000e-01	4.25000e-01	6.77759e-02
3.60000e-01	4.35000e-01	6.47475e-02
3.60000e-01	4.45000e-01	6.00929e-02
3.60000e-01	4.55000e-01	5.37051e-02
3.60000e-01	4.65000e-01	4.54621e-02
3.60000e-01	4.75000e-01	3.52342e-02
3.60000e-01	4.85000e-01	2.28921e-02
3.60000e-01	4.95000e-01	8.30708e-03
3.60000e-01	5.00000e-01	0.00000e+00

3.80000e-01	0.00000e+00	0.00000e+00
3.80000e-01	5.00000e-03	3.30239e-07
3.80000e-01	1.50000e-02	3.30239e-07
3.80000e-01	2.50000e-02	-4.05883e-04
3.80000e-01	3.50000e-02	-1.05287e-03
3.80000e-01	4.50000e-02	-1.88196e-03
3.80000e-01	5.50000e-02	-2.85542e-03
3.80000e-01	6.50000e-02	-3.94540e-03
3.80000e-01	7.50000e-02	-5.12623e-03
3.80000e-01	8.50000e-02	-6.36993e-03
3.80000e-01	9.50000e-02	-7.64398e-03
3.80000e-01	1.05000e-01	-8.91075e-03
3.80000e-01	1.15000e-01	-1.01280e-02
3.80000e-01	1.25000e-01	-1.12500e-02
3.80000e-01	1.35000e-01	-1.22294e-02
3.80000e-01	1.45000e-01	-1.30188e-02
3.80000e-01	1.55000e-01	-1.35730e-02
3.80000e-01	1.65000e-01	-1.38504e-02
3.80000e-01	1.75000e-01	-1.38151e-02
3.80000e-01	1.85000e-01	-1.34370e-02
3.80000e-01	1.95000e-01	-1.26924e-02
3.80000e-01	2.05000e-01	-1.15632e-02
3.80000e-01	2.15000e-01	-1.00357e-02
3.80000e-01	2.25000e-01	-8.09904e-03
3.80000e-01	2.35000e-01	-5.74310e-03
3.80000e-01	2.45000e-01	-2.95805e-03
3.80000e-01	2.55000e-01	2.65598e-04
3.80000e-01	2.65000e-01	3.93512e-03
3.80000e-01	2.75000e-01	8.05208e-03
3.80000e-01	2.85000e-01	1.26073e-02
3.80000e-01	2.95000e-01	1.75752e-02
3.80000e-01	3.05000e-01	2.29074e-02
3.80000e-01	3.15000e-01	2.85280e-02
3.80000e-01	3.25000e-01	3.43300e-02
3.80000e-01	3.35000e-01	4.01756e-02
3.80000e-01	3.45000e-01	4.58993e-02
3.80000e-01	3.55000e-01	5.13154e-02
3.80000e-01	3.65000e-01	5.62278e-02
3.80000e-01	3.75000e-01	6.04413e-02
3.80000e-01	3.85000e-01	6.37722e-02
3.80000e-01	3.95000e-01	6.60555e-02
3.80000e-01	4.05000e-01	6.71484e-02
3.80000e-01	4.15000e-01	6.69291e-02
3.80000e-01	4.25000e-01	6.52926e-02
3.80000e-01	4.35000e-01	6.21456e-02
3.80000e-01	4.45000e-01	5.74026e-02
3.80000e-01	4.55000e-01	5.09866e-02
3.80000e-01	4.65000e-01	4.28323e-02
3.80000e-01	4.75000e-01	3.28921e-02
3.80000e-01	4.85000e-01	2.11385e-02
3.80000e-01	4.95000e-01	7.55591e-03
3.80000e-01	5.00000e-01	0.00000e+00

4.00000e-01	0.00000e+00	0.00000e+00
4.00000e-01	5.00000e-03	3.46796e-07
4.00000e-01	1.50000e-02	3.46796e-07
4.00000e-01	2.50000e-02	-4.03715e-04
4.00000e-01	3.50000e-02	-1.08899e-03
4.00000e-01	4.50000e-02	-1.98039e-03
4.00000e-01	5.50000e-02	-3.01825e-03
4.00000e-01	6.50000e-02	-4.15370e-03
4.00000e-01	7.50000e-02	-5.34444e-03
4.00000e-01	8.50000e-02	-6.55159e-03
4.00000e-01	9.50000e-02	-7.73749e-03
4.00000e-01	1.05000e-01	-8.86463e-03
4.00000e-01	1.15000e-01	-9.89526e-03
4.00000e-01	1.25000e-01	-1.07915e-02
4.00000e-01	1.35000e-01	-1.15161e-02
4.00000e-01	1.45000e-01	-1.20329e-02
4.00000e-01	1.55000e-01	-1.23078e-02
4.00000e-01	1.65000e-01	-1.23098e-02
4.00000e-01	1.75000e-01	-1.20113e-02
4.00000e-01	1.85000e-01	-1.13884e-02
4.00000e-01	1.95000e-01	-1.04214e-02
4.00000e-01	2.05000e-01	-9.09420e-03
4.00000e-01	2.15000e-01	-7.39381e-03
4.00000e-01	2.25000e-01	-5.31008e-03
4.00000e-01	2.35000e-01	-2.83520e-03
4.00000e-01	2.45000e-01	3.61962e-05
4.00000e-01	2.55000e-01	3.30624e-03
4.00000e-01	2.65000e-01	6.97225e-03
4.00000e-01	2.75000e-01	1.10241e-02
4.00000e-01	2.85000e-01	1.54411e-02
4.00000e-01	2.95000e-01	2.01879e-02
4.00000e-01	3.05000e-01	2.52108e-02
4.00000e-01	3.15000e-01	3.04343e-02
4.00000e-01	3.25000e-01	3.57593e-02
4.00000e-01	3.35000e-01	4.10630e-02
4.00000e-01	3.45000e-01	4.62011e-02
4.00000e-01	3.55000e-01	5.10130e-02
4.00000e-01	3.65000e-01	5.53282e-02
4.00000e-01	3.75000e-01	5.89743e-02
4.00000e-01	3.85000e-01	6.17850e-02
4.00000e-01	3.95000e-01	6.36059e-02
4.00000e-01	4.05000e-01	6.42987e-02
4.00000e-01	4.15000e-01	6.37436e-02
4.00000e-01	4.25000e-01	6.18392e-02
4.00000e-01	4.35000e-01	5.85031e-02
4.00000e-01	4.45000e-01	5.36734e-02
4.00000e-01	4.55000e-01	4.73113e-02
4.00000e-01	4.65000e-01	3.94051e-02
4.00000e-01	4.75000e-01	2.99725e-02
4.00000e-01	4.85000e-01	1.90570e-02
4.00000e-01	4.95000e-01	6.71549e-03
4.00000e-01	5.00000e-01	0.00000e+00

4.20000e-01	0.00000e+00	0.00000e+00
4.20000e-01	5.00000e-03	3.48827e-07
4.20000e-01	1.50000e-02	3.48827e-07
4.20000e-01	2.50000e-02	-3.65802e-04
4.20000e-01	3.50000e-02	-1.01422e-03
4.20000e-01	4.50000e-02	-1.86930e-03
4.20000e-01	5.50000e-02	-2.86555e-03
4.20000e-01	6.50000e-02	-3.94636e-03
4.20000e-01	7.50000e-02	-5.06227e-03
4.20000e-01	8.50000e-02	-6.16912e-03
4.20000e-01	9.50000e-02	-7.22669e-03
4.20000e-01	1.05000e-01	-8.19759e-03
4.20000e-01	1.15000e-01	-9.04660e-03
4.20000e-01	1.25000e-01	-9.74038e-03
4.20000e-01	1.35000e-01	-1.02474e-02
4.20000e-01	1.45000e-01	-1.05382e-02
4.20000e-01	1.55000e-01	-1.05854e-02
4.20000e-01	1.65000e-01	-1.03642e-02
4.20000e-01	1.75000e-01	-9.85254e-03
4.20000e-01	1.85000e-01	-9.03133e-03
4.20000e-01	1.95000e-01	-7.88442e-03
4.20000e-01	2.05000e-01	-6.39871e-03
4.20000e-01	2.15000e-01	-4.56409e-03
4.20000e-01	2.25000e-01	-2.37346e-03
4.20000e-01	2.35000e-01	1.77022e-04
4.20000e-01	2.45000e-01	3.08744e-03
4.20000e-01	2.55000e-01	6.35320e-03
4.20000e-01	2.65000e-01	9.96358e-03
4.20000e-01	2.75000e-01	1.38998e-02
4.20000e-01	2.85000e-01	1.81327e-02
4.20000e-01	2.95000e-01	2.26201e-02
4.20000e-01	3.05000e-01	2.73042e-02
4.20000e-01	3.15000e-01	3.21099e-02
4.20000e-01	3.25000e-01	3.69433e-02
4.20000e-01	3.35000e-01	4.16922e-02
4.20000e-01	3.45000e-01	4.62281e-02
4.20000e-01	3.55000e-01	5.04094e-02
4.20000e-01	3.65000e-01	5.40868e-02
4.20000e-01	3.75000e-01	5.71090e-02
4.20000e-01	3.85000e-01	5.93288e-02
4.20000e-01	3.95000e-01	6.06088e-02
4.20000e-01	4.05000e-01	6.08258e-02
4.20000e-01	4.15000e-01	5.98748e-02
4.20000e-01	4.25000e-01	5.76719e-02
4.20000e-01	4.35000e-01	5.41576e-02
4.20000e-01	4.45000e-01	4.92998e-02
4.20000e-01	4.55000e-01	4.30968e-02
4.20000e-01	4.65000e-01	3.55795e-02
4.20000e-01	4.75000e-01	2.68098e-02
4.20000e-01	4.85000e-01	1.68740e-02
4.20000e-01	4.95000e-01	5.86844e-03
4.20000e-01	5.00000e-01	0.00000e+00

4.40000e-01	0.00000e+00	0.00000e+00
4.40000e-01	5.00000e-03	3.38772e-07
4.40000e-01	1.50000e-02	3.38772e-07
4.40000e-01	2.50000e-02	-3.16509e-04
4.40000e-01	3.50000e-02	-8.94709e-04
4.40000e-01	4.50000e-02	-1.66394e-03
4.40000e-01	5.50000e-02	-2.56067e-03
4.40000e-01	6.50000e-02	-3.52823e-03
4.40000e-01	7.50000e-02	-4.51628e-03
4.40000e-01	8.50000e-02	-5.48000e-03
4.40000e-01	9.50000e-02	-6.37923e-03
4.40000e-01	1.05000e-01	-7.17763e-03
4.40000e-01	1.15000e-01	-7.84214e-03
4.40000e-01	1.25000e-01	-8.34249e-03
4.40000e-01	1.35000e-01	-8.65093e-03
4.40000e-01	1.45000e-01	-8.74212e-03
4.40000e-01	1.55000e-01	-8.59308e-03
4.40000e-01	1.65000e-01	-8.18329e-03
4.40000e-01	1.75000e-01	-7.49471e-03
4.40000e-01	1.85000e-01	-6.51197e-03
4.40000e-01	1.95000e-01	-5.22245e-03
4.40000e-01	2.05000e-01	-3.61644e-03
4.40000e-01	2.15000e-01	-1.68735e-03
4.40000e-01	2.25000e-01	5.67986e-04
4.40000e-01	2.35000e-01	3.14889e-03
4.40000e-01	2.45000e-01	6.05016e-03
4.40000e-01	2.55000e-01	9.26111e-03
4.40000e-01	2.65000e-01	1.27644e-02
4.40000e-01	2.75000e-01	1.65346e-02
4.40000e-01	2.85000e-01	2.05362e-02
4.40000e-01	2.95000e-01	2.47224e-02
4.40000e-01	3.05000e-01	2.90331e-02
4.40000e-01	3.15000e-01	3.33937e-02
4.40000e-01	3.25000e-01	3.77154e-02
4.40000e-01	3.35000e-01	4.18948e-02
4.40000e-01	3.45000e-01	4.58165e-02
4.40000e-01	3.55000e-01	4.93555e-02
4.40000e-01	3.65000e-01	5.23817e-02
4.40000e-01	3.75000e-01	5.47641e-02
4.40000e-01	3.85000e-01	5.63765e-02
4.40000e-01	3.95000e-01	5.71023e-02
4.40000e-01	4.05000e-01	5.68396e-02
4.40000e-01	4.15000e-01	5.55053e-02
4.40000e-01	4.25000e-01	5.30395e-02
4.40000e-01	4.35000e-01	4.94088e-02
4.40000e-01	4.45000e-01	4.46098e-02
4.40000e-01	4.55000e-01	3.86708e-02
4.40000e-01	4.65000e-01	3.16512e-02
4.40000e-01	4.75000e-01	2.36384e-02
4.40000e-01	4.85000e-01	1.47388e-02
4.40000e-01	4.95000e-01	5.06470e-03
4.40000e-01	5.00000e-01	0.00000e+00

4.60000e-01	0.00000e+00	0.00000e+00
4.60000e-01	5.00000e-03	3.17936e-07
4.60000e-01	1.50000e-02	3.17936e-07
4.60000e-01	2.50000e-02	-2.66016e-04
4.60000e-01	3.50000e-02	-7.61440e-04
4.60000e-01	4.50000e-02	-1.42256e-03
4.60000e-01	5.50000e-02	-2.19114e-03
4.60000e-01	6.50000e-02	-3.01437e-03
4.60000e-01	7.50000e-02	-3.84484e-03
4.60000e-01	8.50000e-02	-4.64007e-03
4.60000e-01	9.50000e-02	-5.36208e-03
4.60000e-01	1.05000e-01	-5.97682e-03
4.60000e-01	1.15000e-01	-6.45374e-03
4.60000e-01	1.25000e-01	-6.76531e-03
4.60000e-01	1.35000e-01	-6.88678e-03
4.60000e-01	1.45000e-01	-6.79599e-03
4.60000e-01	1.55000e-01	-6.47322e-03
4.60000e-01	1.65000e-01	-5.90122e-03
4.60000e-01	1.75000e-01	-5.06527e-03
4.60000e-01	1.85000e-01	-3.95326e-03
4.60000e-01	1.95000e-01	-2.55589e-03
4.60000e-01	2.05000e-01	-8.66913e-04
4.60000e-01	2.15000e-01	1.11658e-03
4.60000e-01	2.25000e-01	3.39375e-03
4.60000e-01	2.35000e-01	5.95945e-03
4.60000e-01	2.45000e-01	8.80360e-03
4.60000e-01	2.55000e-01	1.19103e-02
4.60000e-01	2.65000e-01	1.52570e-02
4.60000e-01	2.75000e-01	1.88130e-02
4.60000e-01	2.85000e-01	2.25387e-02
4.60000e-01	2.95000e-01	2.63844e-02
4.60000e-01	3.05000e-01	3.02892e-02
4.60000e-01	3.15000e-01	3.41807e-02
4.60000e-01	3.25000e-01	3.79751e-02
4.60000e-01	3.35000e-01	4.15780e-02
4.60000e-01	3.45000e-01	4.48863e-02
4.60000e-01	3.55000e-01	4.77908e-02
4.60000e-01	3.65000e-01	5.01794e-02
4.60000e-01	3.75000e-01	5.19418e-02
4.60000e-01	3.85000e-01	5.29736e-02
4.60000e-01	3.95000e-01	5.31809e-02
4.60000e-01	4.05000e-01	5.24853e-02
4.60000e-01	4.15000e-01	5.08277e-02
4.60000e-01	4.25000e-01	4.81726e-02
4.60000e-01	4.35000e-01	4.45111e-02
4.60000e-01	4.45000e-01	3.98626e-02
4.60000e-01	4.55000e-01	3.42757e-02
4.60000e-01	4.65000e-01	2.78259e-02
4.60000e-01	4.75000e-01	2.06108e-02
4.60000e-01	4.85000e-01	1.27415e-02
4.60000e-01	4.95000e-01	4.33114e-03
4.60000e-01	5.00000e-01	0.00000e+00

4.80000e-01	0.00000e+00	0.00000e+00
4.80000e-01	5.00000e-03	2.87209e-07
4.80000e-01	1.50000e-02	2.87209e-07
4.80000e-01	2.50000e-02	-2.17489e-04
4.80000e-01	3.50000e-02	-6.26711e-04
4.80000e-01	4.50000e-02	-1.17128e-03
4.80000e-01	5.50000e-02	-1.79959e-03
4.80000e-01	6.50000e-02	-2.46460e-03
4.80000e-01	7.50000e-02	-3.12376e-03
4.80000e-01	8.50000e-02	-3.73878e-03
4.80000e-01	9.50000e-02	-4.27528e-03
4.80000e-01	1.05000e-01	-4.70250e-03
4.80000e-01	1.15000e-01	-4.99289e-03
4.80000e-01	1.25000e-01	-5.12187e-03
4.80000e-01	1.35000e-01	-5.06756e-03
4.80000e-01	1.45000e-01	-4.81064e-03
4.80000e-01	1.55000e-01	-4.33425e-03
4.80000e-01	1.65000e-01	-3.62406e-03
4.80000e-01	1.75000e-01	-2.66826e-03
4.80000e-01	1.85000e-01	-1.45777e-03
4.80000e-01	1.95000e-01	1.35529e-05
4.80000e-01	2.05000e-01	1.74865e-03
4.80000e-01	2.15000e-01	3.74690e-03
4.80000e-01	2.25000e-01	6.00368e-03
4.80000e-01	2.35000e-01	8.50986e-03
4.80000e-01	2.45000e-01	1.12512e-02
4.80000e-01	2.55000e-01	1.42076e-02
4.80000e-01	2.65000e-01	1.73525e-02
4.80000e-01	2.75000e-01	2.06519e-02
4.80000e-01	2.85000e-01	2.40636e-02
4.80000e-01	2.95000e-01	2.75370e-02
4.80000e-01	3.05000e-01	3.10121e-02
4.80000e-01	3.15000e-01	3.44199e-02
4.80000e-01	3.25000e-01	3.76830e-02
4.80000e-01	3.35000e-01	4.07162e-02
4.80000e-01	3.45000e-01	4.34289e-02
4.80000e-01	3.55000e-01	4.57273e-02
4.80000e-01	3.65000e-01	4.75174e-02
4.80000e-01	3.75000e-01	4.87088e-02
4.80000e-01	3.85000e-01	4.92187e-02
4.80000e-01	3.95000e-01	4.89757e-02
4.80000e-01	4.05000e-01	4.79244e-02
4.80000e-01	4.15000e-01	4.60281e-02
4.80000e-01	4.25000e-01	4.32727e-02
4.80000e-01	4.35000e-01	3.96685e-02
4.80000e-01	4.45000e-01	3.52508e-02
4.80000e-01	4.55000e-01	3.00795e-02
4.80000e-01	4.65000e-01	2.42358e-02
4.80000e-01	4.75000e-01	1.78171e-02
4.80000e-01	4.85000e-01	1.09298e-02
4.80000e-01	4.95000e-01	3.67935e-03
4.80000e-01	5.00000e-01	0.00000e+00

5.00000e-01	0.00000e+00	0.00000e+00
5.00000e-01	5.00000e-03	2.47847e-07
5.00000e-01	1.50000e-02	2.47847e-07
5.00000e-01	2.50000e-02	-1.71182e-04
5.00000e-01	3.50000e-02	-4.94331e-04
5.00000e-01	4.50000e-02	-9.20645e-04
5.00000e-01	5.50000e-02	-1.40573e-03
5.00000e-01	6.50000e-02	-1.90913e-03
5.00000e-01	7.50000e-02	-2.39412e-03
5.00000e-01	8.50000e-02	-2.82748e-03
5.00000e-01	9.50000e-02	-3.17927e-03
5.00000e-01	1.05000e-01	-3.42260e-03
5.00000e-01	1.15000e-01	-3.53341e-03
5.00000e-01	1.25000e-01	-3.49026e-03
5.00000e-01	1.35000e-01	-3.27423e-03
5.00000e-01	1.45000e-01	-2.86883e-03
5.00000e-01	1.55000e-01	-2.25996e-03
5.00000e-01	1.65000e-01	-1.43602e-03
5.00000e-01	1.75000e-01	-3.87998e-04
5.00000e-01	1.85000e-01	8.90346e-04
5.00000e-01	1.95000e-01	2.40222e-03
5.00000e-01	2.05000e-01	4.14749e-03
5.00000e-01	2.15000e-01	6.12235e-03
5.00000e-01	2.25000e-01	8.31891e-03
5.00000e-01	2.35000e-01	1.07247e-02
5.00000e-01	2.45000e-01	1.33222e-02
5.00000e-01	2.55000e-01	1.60883e-02
5.00000e-01	2.65000e-01	1.89939e-02
5.00000e-01	2.75000e-01	2.20030e-02
5.00000e-01	2.85000e-01	2.50729e-02
5.00000e-01	2.95000e-01	2.81535e-02
5.00000e-01	3.05000e-01	3.11875e-02
5.00000e-01	3.15000e-01	3.41109e-02
5.00000e-01	3.25000e-01	3.68533e-02
5.00000e-01	3.35000e-01	3.93398e-02
5.00000e-01	3.45000e-01	4.14923e-02
5.00000e-01	3.55000e-01	4.32322e-02
5.00000e-01	3.65000e-01	4.44828e-02
5.00000e-01	3.75000e-01	4.51729e-02
5.00000e-01	3.85000e-01	4.52397e-02
5.00000e-01	3.95000e-01	4.46325e-02
5.00000e-01	4.05000e-01	4.33158e-02
5.00000e-01	4.15000e-01	4.12720e-02
5.00000e-01	4.25000e-01	3.85036e-02
5.00000e-01	4.35000e-01	3.50341e-02
5.00000e-01	4.45000e-01	3.09079e-02
5.00000e-01	4.55000e-01	2.61889e-02
5.00000e-01	4.65000e-01	2.09568e-02
5.00000e-01	4.75000e-01	1.53027e-02
5.00000e-01	4.85000e-01	9.32278e-03
5.00000e-01	4.95000e-01	3.11132e-03
5.00000e-01	5.00000e-01	0.00000e+00

5.20000e-01	0.00000e+00	0.00000e+00
5.20000e-01	5.00000e-03	2.01896e-07
5.20000e-01	1.50000e-02	2.01896e-07
5.20000e-01	2.50000e-02	-1.26624e-04
5.20000e-01	3.50000e-02	-3.65305e-04
5.20000e-01	4.50000e-02	-6.75259e-04
5.20000e-01	5.50000e-02	-1.01962e-03
5.20000e-01	6.50000e-02	-1.36482e-03
5.20000e-01	7.50000e-02	-1.68028e-03
5.20000e-01	8.50000e-02	-1.93819e-03
5.20000e-01	9.50000e-02	-2.11338e-03
5.20000e-01	1.05000e-01	-2.18310e-03
5.20000e-01	1.15000e-01	-2.12699e-03
5.20000e-01	1.25000e-01	-1.92692e-03
5.20000e-01	1.35000e-01	-1.56702e-03
5.20000e-01	1.45000e-01	-1.03362e-03
5.20000e-01	1.55000e-01	-3.15379e-04
5.20000e-01	1.65000e-01	5.96648e-04
5.20000e-01	1.75000e-01	1.70883e-03
5.20000e-01	1.85000e-01	3.02473e-03
5.20000e-01	1.95000e-01	4.54488e-03
5.20000e-01	2.05000e-01	6.26644e-03
5.20000e-01	2.15000e-01	8.18289e-03
5.20000e-01	2.25000e-01	1.02837e-02
5.20000e-01	2.35000e-01	1.25538e-02
5.20000e-01	2.45000e-01	1.49735e-02
5.20000e-01	2.55000e-01	1.75179e-02
5.20000e-01	2.65000e-01	2.01564e-02
5.20000e-01	2.75000e-01	2.28530e-02
5.20000e-01	2.85000e-01	2.55656e-02
5.20000e-01	2.95000e-01	2.82465e-02
5.20000e-01	3.05000e-01	3.08425e-02
5.20000e-01	3.15000e-01	3.32954e-02
5.20000e-01	3.25000e-01	3.55432e-02
5.20000e-01	3.35000e-01	3.75212e-02
5.20000e-01	3.45000e-01	3.91641e-02
5.20000e-01	3.55000e-01	4.04078e-02
5.20000e-01	3.65000e-01	4.11917e-02
5.20000e-01	3.75000e-01	4.14618e-02
5.20000e-01	3.85000e-01	4.11731e-02
5.20000e-01	3.95000e-01	4.02925e-02
5.20000e-01	4.05000e-01	3.88009e-02
5.20000e-01	4.15000e-01	3.66949e-02
5.20000e-01	4.25000e-01	3.39888e-02
5.20000e-01	4.35000e-01	3.07137e-02
5.20000e-01	4.45000e-01	2.69175e-02
5.20000e-01	4.55000e-01	2.26630e-02
5.20000e-01	4.65000e-01	1.80240e-02
5.20000e-01	4.75000e-01	1.30821e-02
5.20000e-01	4.85000e-01	7.92133e-03
5.20000e-01	4.95000e-01	2.62342e-03
5.20000e-01	5.00000e-01	0.00000e+00

5.40000e-01	0.00000e+00	0.00000e+00
5.40000e-01	5.00000e-03	1.52191e-07
5.40000e-01	1.50000e-02	1.52191e-07
5.40000e-01	2.50000e-02	-8.36255e-05
5.40000e-01	3.50000e-02	-2.40611e-04
5.40000e-01	4.50000e-02	-4.38678e-04
5.40000e-01	5.50000e-02	-6.48653e-04
5.40000e-01	6.50000e-02	-8.43856e-04
5.40000e-01	7.50000e-02	-9.99826e-04
5.40000e-01	8.50000e-02	-1.09415e-03
5.40000e-01	9.50000e-02	-1.10639e-03
5.40000e-01	1.05000e-01	-1.01798e-03
5.40000e-01	1.15000e-01	-8.12246e-04
5.40000e-01	1.25000e-01	-4.74413e-04
5.40000e-01	1.35000e-01	8.37217e-06
5.40000e-01	1.45000e-01	6.46937e-04
5.40000e-01	1.55000e-01	1.44997e-03
5.40000e-01	1.65000e-01	2.42386e-03
5.40000e-01	1.75000e-01	3.57248e-03
5.40000e-01	1.85000e-01	4.89699e-03
5.40000e-01	1.95000e-01	6.39556e-03
5.40000e-01	2.05000e-01	8.06308e-03
5.40000e-01	2.15000e-01	9.89089e-03
5.40000e-01	2.25000e-01	1.18665e-02
5.40000e-01	2.35000e-01	1.39732e-02
5.40000e-01	2.45000e-01	1.61900e-02
5.40000e-01	2.55000e-01	1.84912e-02
5.40000e-01	2.65000e-01	2.08465e-02
5.40000e-01	2.75000e-01	2.32207e-02
5.40000e-01	2.85000e-01	2.55740e-02
5.40000e-01	2.95000e-01	2.78622e-02
5.40000e-01	3.05000e-01	3.00371e-02
5.40000e-01	3.15000e-01	3.20475e-02
5.40000e-01	3.25000e-01	3.38399e-02
5.40000e-01	3.35000e-01	3.53601e-02
5.40000e-01	3.45000e-01	3.65548e-02
5.40000e-01	3.55000e-01	3.73732e-02
5.40000e-01	3.65000e-01	3.77693e-02
5.40000e-01	3.75000e-01	3.77040e-02
5.40000e-01	3.85000e-01	3.71472e-02
5.40000e-01	3.95000e-01	3.60795e-02
5.40000e-01	4.05000e-01	3.44942e-02
5.40000e-01	4.15000e-01	3.23982e-02
5.40000e-01	4.25000e-01	2.98124e-02
5.40000e-01	4.35000e-01	2.67717e-02
5.40000e-01	4.45000e-01	2.33232e-02
5.40000e-01	4.55000e-01	1.95253e-02
5.40000e-01	4.65000e-01	1.54440e-02
5.40000e-01	4.75000e-01	1.11500e-02
5.40000e-01	4.85000e-01	6.71524e-03
5.40000e-01	4.95000e-01	2.20904e-03
5.40000e-01	5.00000e-01	0.00000e+00

5.60000e-01	0.00000e+00	0.00000e+00
5.60000e-01	5.00000e-03	1.01992e-07
5.60000e-01	1.50000e-02	1.01992e-07
5.60000e-01	2.50000e-02	-4.25969e-05
5.60000e-01	3.50000e-02	-1.22138e-04
5.60000e-01	4.50000e-02	-2.15189e-04
5.60000e-01	5.50000e-02	-3.00238e-04
5.60000e-01	6.50000e-02	-3.57300e-04
5.60000e-01	7.50000e-02	-3.67774e-04
5.60000e-01	8.50000e-02	-3.14396e-04
5.60000e-01	9.50000e-02	-1.81240e-04
5.60000e-01	1.05000e-01	4.62438e-05
5.60000e-01	1.15000e-01	3.81156e-04
5.60000e-01	1.25000e-01	8.35062e-04
5.60000e-01	1.35000e-01	1.41788e-03
5.60000e-01	1.45000e-01	2.13771e-03
5.60000e-01	1.55000e-01	3.00074e-03
5.60000e-01	1.65000e-01	4.01095e-03
5.60000e-01	1.75000e-01	5.16999e-03
5.60000e-01	1.85000e-01	6.47690e-03
5.60000e-01	1.95000e-01	7.92787e-03
5.60000e-01	2.05000e-01	9.51604e-03
5.60000e-01	2.15000e-01	1.12312e-02
5.60000e-01	2.25000e-01	1.30596e-02
5.60000e-01	2.35000e-01	1.49837e-02
5.60000e-01	2.45000e-01	1.69823e-02
5.60000e-01	2.55000e-01	1.90300e-02
5.60000e-01	2.65000e-01	2.10975e-02
5.60000e-01	2.75000e-01	2.31519e-02
5.60000e-01	2.85000e-01	2.51564e-02
5.60000e-01	2.95000e-01	2.70713e-02
5.60000e-01	3.05000e-01	2.88542e-02
5.60000e-01	3.15000e-01	3.04610e-02
5.60000e-01	3.25000e-01	3.18470e-02
5.60000e-01	3.35000e-01	3.29679e-02
5.60000e-01	3.45000e-01	3.37812e-02
5.60000e-01	3.55000e-01	3.42483e-02
5.60000e-01	3.65000e-01	3.43354e-02
5.60000e-01	3.75000e-01	3.40156e-02
5.60000e-01	3.85000e-01	3.32705e-02
5.60000e-01	3.95000e-01	3.20914e-02
5.60000e-01	4.05000e-01	3.04800e-02
5.60000e-01	4.15000e-01	2.84495e-02
5.60000e-01	4.25000e-01	2.60243e-02
5.60000e-01	4.35000e-01	2.32392e-02
5.60000e-01	4.45000e-01	2.01388e-02
5.60000e-01	4.55000e-01	1.67749e-02
5.60000e-01	4.65000e-01	1.32049e-02
5.60000e-01	4.75000e-01	9.48926e-03
5.60000e-01	4.85000e-01	5.68833e-03
5.60000e-01	4.95000e-01	1.86029e-03
5.60000e-01	5.00000e-01	0.00000e+00

5.80000e-01	0.00000e+00	0.00000e+00
5.80000e-01	5.00000e-03	5.44780e-08
5.80000e-01	1.50000e-02	5.44780e-08
5.80000e-01	2.50000e-02	-4.44685e-06
5.80000e-01	3.50000e-02	-1.26025e-05
5.80000e-01	4.50000e-02	-9.86355e-06
5.80000e-01	5.50000e-02	1.78853e-05
5.80000e-01	6.50000e-02	8.43095e-05
5.80000e-01	7.50000e-02	2.02547e-04
5.80000e-01	8.50000e-02	3.85099e-04
5.80000e-01	9.50000e-02	6.43696e-04
5.80000e-01	1.05000e-01	9.89164e-04
5.80000e-01	1.15000e-01	1.43127e-03
5.80000e-01	1.25000e-01	1.97857e-03
5.80000e-01	1.35000e-01	2.63822e-03
5.80000e-01	1.45000e-01	3.41584e-03
5.80000e-01	1.55000e-01	4.31526e-03
5.80000e-01	1.65000e-01	5.33834e-03
5.80000e-01	1.75000e-01	6.48478e-03
5.80000e-01	1.85000e-01	7.75187e-03
5.80000e-01	1.95000e-01	9.13428e-03
5.80000e-01	2.05000e-01	1.06239e-02
5.80000e-01	2.15000e-01	1.22095e-02
5.80000e-01	2.25000e-01	1.38768e-02
5.80000e-01	2.35000e-01	1.56084e-02
5.80000e-01	2.45000e-01	1.73833e-02
5.80000e-01	2.55000e-01	1.91774e-02
5.80000e-01	2.65000e-01	2.09635e-02
5.80000e-01	2.75000e-01	2.27114e-02
5.80000e-01	2.85000e-01	2.43883e-02
5.80000e-01	2.95000e-01	2.59593e-02
5.80000e-01	3.05000e-01	2.73882e-02
5.80000e-01	3.15000e-01	2.86380e-02
5.80000e-01	3.25000e-01	2.96721e-02
5.80000e-01	3.35000e-01	3.04552e-02
5.80000e-01	3.45000e-01	3.09547e-02
5.80000e-01	3.55000e-01	3.11419e-02
5.80000e-01	3.65000e-01	3.09933e-02
5.80000e-01	3.75000e-01	3.04915e-02
5.80000e-01	3.85000e-01	2.96270e-02
5.80000e-01	3.95000e-01	2.83983e-02
5.80000e-01	4.05000e-01	2.68127e-02
5.80000e-01	4.15000e-01	2.48868e-02
5.80000e-01	4.25000e-01	2.26455e-02
5.80000e-01	4.35000e-01	2.01221e-02
5.80000e-01	4.45000e-01	1.73565e-02
5.80000e-01	4.55000e-01	1.43941e-02
5.80000e-01	4.65000e-01	1.12838e-02
5.80000e-01	4.75000e-01	8.07621e-03
5.80000e-01	4.85000e-01	4.82180e-03
5.80000e-01	4.95000e-01	1.56898e-03
5.80000e-01	5.00000e-01	0.00000e+00

6.00000e-01	0.00000e+00	0.00000e+00
6.00000e-01	5.00000e-03	1.22709e-08
6.00000e-01	1.50000e-02	1.22709e-08
6.00000e-01	2.50000e-02	2.96960e-05
6.00000e-01	3.50000e-02	8.50242e-05
6.00000e-01	4.50000e-02	1.72214e-04
6.00000e-01	5.50000e-02	2.98506e-04
6.00000e-01	6.50000e-02	4.71776e-04
6.00000e-01	7.50000e-02	7.00200e-04
6.00000e-01	8.50000e-02	9.91962e-04
6.00000e-01	9.50000e-02	1.35499e-03
6.00000e-01	1.05000e-01	1.79674e-03
6.00000e-01	1.15000e-01	2.32392e-03
6.00000e-01	1.25000e-01	2.94236e-03
6.00000e-01	1.35000e-01	3.65672e-03
6.00000e-01	1.45000e-01	4.47034e-03
6.00000e-01	1.55000e-01	5.38501e-03
6.00000e-01	1.65000e-01	6.40075e-03
6.00000e-01	1.75000e-01	7.51565e-03
6.00000e-01	1.85000e-01	8.72560e-03
6.00000e-01	1.95000e-01	1.00242e-02
6.00000e-01	2.05000e-01	1.14025e-02
6.00000e-01	2.15000e-01	1.28491e-02
6.00000e-01	2.25000e-01	1.43496e-02
6.00000e-01	2.35000e-01	1.58871e-02
6.00000e-01	2.45000e-01	1.74418e-02
6.00000e-01	2.55000e-01	1.89916e-02
6.00000e-01	2.65000e-01	2.05117e-02
6.00000e-01	2.75000e-01	2.19752e-02
6.00000e-01	2.85000e-01	2.33536e-02
6.00000e-01	2.95000e-01	2.46172e-02
6.00000e-01	3.05000e-01	2.57354e-02
6.00000e-01	3.15000e-01	2.66782e-02
6.00000e-01	3.25000e-01	2.74162e-02
6.00000e-01	3.35000e-01	2.79222e-02
6.00000e-01	3.45000e-01	2.81718e-02
6.00000e-01	3.55000e-01	2.81446e-02
6.00000e-01	3.65000e-01	2.78248e-02
6.00000e-01	3.75000e-01	2.72026e-02
6.00000e-01	3.85000e-01	2.62743e-02
6.00000e-01	3.95000e-01	2.50435e-02
6.00000e-01	4.05000e-01	2.35207e-02
6.00000e-01	4.15000e-01	2.17233e-02
6.00000e-01	4.25000e-01	1.96756e-02
6.00000e-01	4.35000e-01	1.74077e-02
6.00000e-01	4.45000e-01	1.49548e-02
6.00000e-01	4.55000e-01	1.23557e-02
6.00000e-01	4.65000e-01	9.65150e-03
6.00000e-01	4.75000e-01	6.88444e-03
6.00000e-01	4.85000e-01	4.09630e-03
6.00000e-01	4.95000e-01	1.32726e-03
6.00000e-01	5.00000e-01	0.00000e+00

6.20000e-01	0.00000e+00	0.00000e+00
6.20000e-01	5.00000e-03	-2.28739e-08
6.20000e-01	1.50000e-02	-2.28739e-08
6.20000e-01	2.50000e-02	5.87943e-05
6.20000e-01	3.50000e-02	1.68171e-04
6.20000e-01	4.50000e-02	3.26876e-04
6.20000e-01	5.50000e-02	5.36036e-04
6.20000e-01	6.50000e-02	7.98391e-04
6.20000e-01	7.50000e-02	1.11772e-03
6.20000e-01	8.50000e-02	1.49839e-03
6.20000e-01	9.50000e-02	1.94493e-03
6.20000e-01	1.05000e-01	2.46179e-03
6.20000e-01	1.15000e-01	3.05298e-03
6.20000e-01	1.25000e-01	3.72186e-03
6.20000e-01	1.35000e-01	4.47091e-03
6.20000e-01	1.45000e-01	5.30148e-03
6.20000e-01	1.55000e-01	6.21360e-03
6.20000e-01	1.65000e-01	7.20577e-03
6.20000e-01	1.75000e-01	8.27478e-03
6.20000e-01	1.85000e-01	9.41557e-03
6.20000e-01	1.95000e-01	1.06210e-02
6.20000e-01	2.05000e-01	1.18819e-02
6.20000e-01	2.15000e-01	1.31868e-02
6.20000e-01	2.25000e-01	1.45219e-02
6.20000e-01	2.35000e-01	1.58714e-02
6.20000e-01	2.45000e-01	1.72171e-02
6.20000e-01	2.55000e-01	1.85390e-02
6.20000e-01	2.65000e-01	1.98153e-02
6.20000e-01	2.75000e-01	2.10226e-02
6.20000e-01	2.85000e-01	2.21367e-02
6.20000e-01	2.95000e-01	2.31327e-02
6.20000e-01	3.05000e-01	2.39856e-02
6.20000e-01	3.15000e-01	2.46714e-02
6.20000e-01	3.25000e-01	2.51674e-02
6.20000e-01	3.35000e-01	2.54528e-02
6.20000e-01	3.45000e-01	2.55101e-02
6.20000e-01	3.55000e-01	2.53252e-02
6.20000e-01	3.65000e-01	2.48885e-02
6.20000e-01	3.75000e-01	2.41952e-02
6.20000e-01	3.85000e-01	2.32460e-02
6.20000e-01	3.95000e-01	2.20472e-02
6.20000e-01	4.05000e-01	2.06106e-02
6.20000e-01	4.15000e-01	1.89535e-02
6.20000e-01	4.25000e-01	1.70982e-02
6.20000e-01	4.35000e-01	1.50715e-02
6.20000e-01	4.45000e-01	1.29036e-02
6.20000e-01	4.55000e-01	1.06272e-02
6.20000e-01	4.65000e-01	8.27678e-03
6.20000e-01	4.75000e-01	5.88726e-03
6.20000e-01	4.85000e-01	3.49320e-03
6.20000e-01	4.95000e-01	1.12794e-03
6.20000e-01	5.00000e-01	0.00000e+00

6.40000e-01	0.00000e+00	0.00000e+00
6.40000e-01	5.00000e-03	-5.01722e-08
6.40000e-01	1.50000e-02	-5.01722e-08
6.40000e-01	2.50000e-02	8.21445e-05
6.40000e-01	3.50000e-02	2.35185e-04
6.40000e-01	4.50000e-02	4.51609e-04
6.40000e-01	5.50000e-02	7.27367e-04
6.40000e-01	6.50000e-02	1.06082e-03
6.40000e-01	7.50000e-02	1.45194e-03
6.40000e-01	8.50000e-02	1.90178e-03
6.40000e-01	9.50000e-02	2.41194e-03
6.40000e-01	1.05000e-01	2.98420e-03
6.40000e-01	1.15000e-01	3.62022e-03
6.40000e-01	1.25000e-01	4.32122e-03
6.40000e-01	1.35000e-01	5.08777e-03
6.40000e-01	1.45000e-01	5.91953e-03
6.40000e-01	1.55000e-01	6.81507e-03
6.40000e-01	1.65000e-01	7.77169e-03
6.40000e-01	1.75000e-01	8.78523e-03
6.40000e-01	1.85000e-01	9.84996e-03
6.40000e-01	1.95000e-01	1.09584e-02
6.40000e-01	2.05000e-01	1.21015e-02
6.40000e-01	2.15000e-01	1.32681e-02
6.40000e-01	2.25000e-01	1.44454e-02
6.40000e-01	2.35000e-01	1.56188e-02
6.40000e-01	2.45000e-01	1.67722e-02
6.40000e-01	2.55000e-01	1.78878e-02
6.40000e-01	2.65000e-01	1.89469e-02
6.40000e-01	2.75000e-01	1.99296e-02
6.40000e-01	2.85000e-01	2.08156e-02
6.40000e-01	2.95000e-01	2.15847e-02
6.40000e-01	3.05000e-01	2.22169e-02
6.40000e-01	3.15000e-01	2.26933e-02
6.40000e-01	3.25000e-01	2.29966e-02
6.40000e-01	3.35000e-01	2.31116e-02
6.40000e-01	3.45000e-01	2.30261e-02
6.40000e-01	3.55000e-01	2.27309e-02
6.40000e-01	3.65000e-01	2.22207e-02
6.40000e-01	3.75000e-01	2.14944e-02
6.40000e-01	3.85000e-01	2.05552e-02
6.40000e-01	3.95000e-01	1.94107e-02
6.40000e-01	4.05000e-01	1.80731e-02
6.40000e-01	4.15000e-01	1.65586e-02
6.40000e-01	4.25000e-01	1.48871e-02
6.40000e-01	4.35000e-01	1.30818e-02
6.40000e-01	4.45000e-01	1.11684e-02
6.40000e-01	4.55000e-01	9.17436e-03
6.40000e-01	4.65000e-01	7.12829e-03
6.40000e-01	4.75000e-01	5.05906e-03
6.40000e-01	4.85000e-01	2.99527e-03
6.40000e-01	4.95000e-01	9.64594e-04
6.40000e-01	5.00000e-01	0.00000e+00

6.60000e-01	0.00000e+00	0.00000e+00
6.60000e-01	5.00000e-03	-6.97289e-08
6.60000e-01	1.50000e-02	-6.97289e-08
6.60000e-01	2.50000e-02	9.95050e-05
6.60000e-01	3.50000e-02	2.85592e-04
6.60000e-01	4.50000e-02	5.45903e-04
6.60000e-01	5.50000e-02	8.72258e-04
6.60000e-01	6.50000e-02	1.25942e-03
6.60000e-01	7.50000e-02	1.70422e-03
6.60000e-01	8.50000e-02	2.20487e-03
6.60000e-01	9.50000e-02	2.76046e-03
6.60000e-01	1.05000e-01	3.37051e-03
6.60000e-01	1.15000e-01	4.03464e-03
6.60000e-01	1.25000e-01	4.75224e-03
6.60000e-01	1.35000e-01	5.52225e-03
6.60000e-01	1.45000e-01	6.34296e-03
6.60000e-01	1.55000e-01	7.21175e-03
6.60000e-01	1.65000e-01	8.12499e-03
6.60000e-01	1.75000e-01	9.07786e-03
6.60000e-01	1.85000e-01	1.00643e-02
6.60000e-01	1.95000e-01	1.10767e-02
6.60000e-01	2.05000e-01	1.21063e-02
6.60000e-01	2.15000e-01	1.31427e-02
6.60000e-01	2.25000e-01	1.41742e-02
6.60000e-01	2.35000e-01	1.51878e-02
6.60000e-01	2.45000e-01	1.61691e-02
6.60000e-01	2.55000e-01	1.71031e-02
6.60000e-01	2.65000e-01	1.79736e-02
6.60000e-01	2.75000e-01	1.87642e-02
6.60000e-01	2.85000e-01	1.94583e-02
6.60000e-01	2.95000e-01	2.00396e-02
6.60000e-01	3.05000e-01	2.04925e-02
6.60000e-01	3.15000e-01	2.08025e-02
6.60000e-01	3.25000e-01	2.09567e-02
6.60000e-01	3.35000e-01	2.09442e-02
6.60000e-01	3.45000e-01	2.07569e-02
6.60000e-01	3.55000e-01	2.03892e-02
6.60000e-01	3.65000e-01	1.98390e-02
6.60000e-01	3.75000e-01	1.91072e-02
6.60000e-01	3.85000e-01	1.81987e-02
6.60000e-01	3.95000e-01	1.71216e-02
6.60000e-01	4.05000e-01	1.58875e-02
6.60000e-01	4.15000e-01	1.45110e-02
6.60000e-01	4.25000e-01	1.30096e-02
6.60000e-01	4.35000e-01	1.14032e-02
6.60000e-01	4.45000e-01	9.71342e-03
6.60000e-01	4.55000e-01	7.96316e-03
6.60000e-01	4.65000e-01	6.17610e-03
6.60000e-01	4.75000e-01	4.37614e-03
6.60000e-01	4.85000e-01	2.58695e-03
6.60000e-01	4.95000e-01	8.31584e-04
6.60000e-01	5.00000e-01	0.00000e+00

6.80000e-01	0.00000e+00	0.00000e+00
6.80000e-01	5.00000e-03	-8.23316e-08
6.80000e-01	1.50000e-02	-8.23316e-08
6.80000e-01	2.50000e-02	1.11108e-04
6.80000e-01	3.50000e-02	3.20102e-04
6.80000e-01	4.50000e-02	6.11228e-04
6.80000e-01	5.50000e-02	9.73231e-04
6.80000e-01	6.50000e-02	1.39808e-03
6.80000e-01	7.50000e-02	1.88007e-03
6.80000e-01	8.50000e-02	2.41512e-03
6.80000e-01	9.50000e-02	3.00019e-03
6.80000e-01	1.05000e-01	3.63291e-03
6.80000e-01	1.15000e-01	4.31116e-03
6.80000e-01	1.25000e-01	5.03282e-03
6.80000e-01	1.35000e-01	5.79550e-03
6.80000e-01	1.45000e-01	6.59632e-03
6.80000e-01	1.55000e-01	7.43176e-03
6.80000e-01	1.65000e-01	8.29750e-03
6.80000e-01	1.75000e-01	9.18830e-03
6.80000e-01	1.85000e-01	1.00979e-02
6.80000e-01	1.95000e-01	1.10190e-02
6.80000e-01	2.05000e-01	1.19431e-02
6.80000e-01	2.15000e-01	1.28608e-02
6.80000e-01	2.25000e-01	1.37616e-02
6.80000e-01	2.35000e-01	1.46338e-02
6.80000e-01	2.45000e-01	1.54653e-02
6.80000e-01	2.55000e-01	1.62431e-02
6.80000e-01	2.65000e-01	1.69539e-02
6.80000e-01	2.75000e-01	1.75841e-02
6.80000e-01	2.85000e-01	1.81204e-02
6.80000e-01	2.95000e-01	1.85499e-02
6.80000e-01	3.05000e-01	1.88606e-02
6.80000e-01	3.15000e-01	1.90415e-02
6.80000e-01	3.25000e-01	1.90834e-02
6.80000e-01	3.35000e-01	1.89788e-02
6.80000e-01	3.45000e-01	1.87224e-02
6.80000e-01	3.55000e-01	1.83114e-02
6.80000e-01	3.65000e-01	1.77455e-02
6.80000e-01	3.75000e-01	1.70272e-02
6.80000e-01	3.85000e-01	1.61620e-02
6.80000e-01	3.95000e-01	1.51580e-02
6.80000e-01	4.05000e-01	1.40256e-02
6.80000e-01	4.15000e-01	1.27781e-02
6.80000e-01	4.25000e-01	1.14304e-02
6.80000e-01	4.35000e-01	9.99947e-03
6.80000e-01	4.45000e-01	8.50335e-03
6.80000e-01	4.55000e-01	6.96112e-03
6.80000e-01	4.65000e-01	5.39239e-03
6.80000e-01	4.75000e-01	3.81693e-03
6.80000e-01	4.85000e-01	2.25438e-03
6.80000e-01	4.95000e-01	7.24006e-04
6.80000e-01	5.00000e-01	0.00000e+00

7.00000e-01	0.00000e+00	0.00000e+00
7.00000e-01	5.00000e-03	-8.91955e-08
7.00000e-01	1.50000e-02	-8.91955e-08
7.00000e-01	2.50000e-02	1.17585e-04
7.00000e-01	3.50000e-02	3.40421e-04
7.00000e-01	4.50000e-02	6.50700e-04
7.00000e-01	5.50000e-02	1.03509e-03
7.00000e-01	6.50000e-02	1.48354e-03
7.00000e-01	7.50000e-02	1.98840e-03
7.00000e-01	8.50000e-02	2.54375e-03
7.00000e-01	9.50000e-02	3.14487e-03
7.00000e-01	1.05000e-01	3.78781e-03
7.00000e-01	1.15000e-01	4.46904e-03
7.00000e-01	1.25000e-01	5.18518e-03
7.00000e-01	1.35000e-01	5.93274e-03
7.00000e-01	1.45000e-01	6.70795e-03
7.00000e-01	1.55000e-01	7.50659e-03
7.00000e-01	1.65000e-01	8.32384e-03
7.00000e-01	1.75000e-01	9.15422e-03
7.00000e-01	1.85000e-01	9.99149e-03
7.00000e-01	1.95000e-01	1.08286e-02
7.00000e-01	2.05000e-01	1.16577e-02
7.00000e-01	2.15000e-01	1.24702e-02
7.00000e-01	2.25000e-01	1.32566e-02
7.00000e-01	2.35000e-01	1.40072e-02
7.00000e-01	2.45000e-01	1.47112e-02
7.00000e-01	2.55000e-01	1.53579e-02
7.00000e-01	2.65000e-01	1.59363e-02
7.00000e-01	2.75000e-01	1.64354e-02
7.00000e-01	2.85000e-01	1.68448e-02
7.00000e-01	2.95000e-01	1.71542e-02
7.00000e-01	3.05000e-01	1.73547e-02
7.00000e-01	3.15000e-01	1.74381e-02
7.00000e-01	3.25000e-01	1.73979e-02
7.00000e-01	3.35000e-01	1.72291e-02
7.00000e-01	3.45000e-01	1.69288e-02
7.00000e-01	3.55000e-01	1.64957e-02
7.00000e-01	3.65000e-01	1.59311e-02
7.00000e-01	3.75000e-01	1.52382e-02
7.00000e-01	3.85000e-01	1.44225e-02
7.00000e-01	3.95000e-01	1.34918e-02
7.00000e-01	4.05000e-01	1.24555e-02
7.00000e-01	4.15000e-01	1.13251e-02
7.00000e-01	4.25000e-01	1.01135e-02
7.00000e-01	4.35000e-01	8.83493e-03
7.00000e-01	4.45000e-01	7.50448e-03
7.00000e-01	4.55000e-01	6.13800e-03
7.00000e-01	4.65000e-01	4.75174e-03
7.00000e-01	4.75000e-01	3.36208e-03
7.00000e-01	4.85000e-01	1.98533e-03
7.00000e-01	4.95000e-01	6.37598e-04
7.00000e-01	5.00000e-01	0.00000e+00

7.20000e-01	0.00000e+00	0.00000e+00
7.20000e-01	5.00000e-03	-9.17208e-08
7.20000e-01	1.50000e-02	-9.17208e-08
7.20000e-01	2.50000e-02	1.19834e-04
7.20000e-01	3.50000e-02	3.48930e-04
7.20000e-01	4.50000e-02	6.68566e-04
7.20000e-01	5.50000e-02	1.06422e-03
7.20000e-01	6.50000e-02	1.52449e-03
7.20000e-01	7.50000e-02	2.04034e-03
7.20000e-01	8.50000e-02	2.60448e-03
7.20000e-01	9.50000e-02	3.21085e-03
7.20000e-01	1.05000e-01	3.85427e-03
7.20000e-01	1.15000e-01	4.53007e-03
7.20000e-01	1.25000e-01	5.23386e-03
7.20000e-01	1.35000e-01	5.96128e-03
7.20000e-01	1.45000e-01	6.70786e-03
7.20000e-01	1.55000e-01	7.46884e-03
7.20000e-01	1.65000e-01	8.23908e-03
7.20000e-01	1.75000e-01	9.01296e-03
7.20000e-01	1.85000e-01	9.78437e-03
7.20000e-01	1.95000e-01	1.05466e-02
7.20000e-01	2.05000e-01	1.12924e-02
7.20000e-01	2.15000e-01	1.20139e-02
7.20000e-01	2.25000e-01	1.27031e-02
7.20000e-01	2.35000e-01	1.33511e-02
7.20000e-01	2.45000e-01	1.39492e-02
7.20000e-01	2.55000e-01	1.44882e-02
7.20000e-01	2.65000e-01	1.49593e-02
7.20000e-01	2.75000e-01	1.53536e-02
7.20000e-01	2.85000e-01	1.56628e-02
7.20000e-01	2.95000e-01	1.58793e-02
7.20000e-01	3.05000e-01	1.59961e-02
7.20000e-01	3.15000e-01	1.60076e-02
7.20000e-01	3.25000e-01	1.59092e-02
7.20000e-01	3.35000e-01	1.56978e-02
7.20000e-01	3.45000e-01	1.53719e-02
7.20000e-01	3.55000e-01	1.49316e-02
7.20000e-01	3.65000e-01	1.43790e-02
7.20000e-01	3.75000e-01	1.37177e-02
7.20000e-01	3.85000e-01	1.29531e-02
7.20000e-01	3.95000e-01	1.20922e-02
7.20000e-01	4.05000e-01	1.11436e-02
7.20000e-01	4.15000e-01	1.01171e-02
7.20000e-01	4.25000e-01	9.02380e-03
7.20000e-01	4.35000e-01	7.87567e-03
7.20000e-01	4.45000e-01	6.68536e-03
7.20000e-01	4.55000e-01	5.46603e-03
7.20000e-01	4.65000e-01	4.23113e-03
7.20000e-01	4.75000e-01	2.99425e-03
7.20000e-01	4.85000e-01	1.76894e-03
7.20000e-01	4.95000e-01	5.68639e-04
7.20000e-01	5.00000e-01	0.00000e+00

7.40000e-01	0.00000e+00	0.00000e+00
7.40000e-01	5.00000e-03	-9.13024e-08
7.40000e-01	1.50000e-02	-9.13024e-08
7.40000e-01	2.50000e-02	1.18884e-04
7.40000e-01	3.50000e-02	3.48343e-04
7.40000e-01	4.50000e-02	6.69631e-04
7.40000e-01	5.50000e-02	1.06775e-03
7.40000e-01	6.50000e-02	1.53055e-03
7.40000e-01	7.50000e-02	2.04809e-03
7.40000e-01	8.50000e-02	2.61211e-03
7.40000e-01	9.50000e-02	3.21556e-03
7.40000e-01	1.05000e-01	3.85233e-03
7.40000e-01	1.15000e-01	4.51685e-03
7.40000e-01	1.25000e-01	5.20394e-03
7.40000e-01	1.35000e-01	5.90858e-03
7.40000e-01	1.45000e-01	6.62574e-03
7.40000e-01	1.55000e-01	7.35027e-03
7.40000e-01	1.65000e-01	8.07682e-03
7.40000e-01	1.75000e-01	8.79973e-03
7.40000e-01	1.85000e-01	9.51302e-03
7.40000e-01	1.95000e-01	1.02103e-02
7.40000e-01	2.05000e-01	1.08850e-02
7.40000e-01	2.15000e-01	1.15300e-02
7.40000e-01	2.25000e-01	1.21381e-02
7.40000e-01	2.35000e-01	1.27019e-02
7.40000e-01	2.45000e-01	1.32138e-02
7.40000e-01	2.55000e-01	1.36663e-02
7.40000e-01	2.65000e-01	1.40520e-02
7.40000e-01	2.75000e-01	1.43641e-02
7.40000e-01	2.85000e-01	1.45960e-02
7.40000e-01	2.95000e-01	1.47419e-02
7.40000e-01	3.05000e-01	1.47966e-02
7.40000e-01	3.15000e-01	1.47562e-02
7.40000e-01	3.25000e-01	1.46177e-02
7.40000e-01	3.35000e-01	1.43793e-02
7.40000e-01	3.45000e-01	1.40407e-02
7.40000e-01	3.55000e-01	1.36028e-02
7.40000e-01	3.65000e-01	1.30681e-02
7.40000e-01	3.75000e-01	1.24403e-02
7.40000e-01	3.85000e-01	1.17246e-02
7.40000e-01	3.95000e-01	1.09274e-02
7.40000e-01	4.05000e-01	1.00564e-02
7.40000e-01	4.15000e-01	9.12003e-03
7.40000e-01	4.25000e-01	8.12786e-03
7.40000e-01	4.35000e-01	7.08996e-03
7.40000e-01	4.45000e-01	6.01696e-03
7.40000e-01	4.55000e-01	4.91983e-03
7.40000e-01	4.65000e-01	3.80974e-03
7.40000e-01	4.75000e-01	2.69791e-03
7.40000e-01	4.85000e-01	1.59556e-03
7.40000e-01	4.95000e-01	5.13844e-04
7.40000e-01	5.00000e-01	0.00000e+00

7.60000e-01	0.00000e+00	0.00000e+00
7.60000e-01	5.00000e-03	-8.92098e-08
7.60000e-01	1.50000e-02	-8.92098e-08
7.60000e-01	2.50000e-02	1.15764e-04
7.60000e-01	3.50000e-02	3.41385e-04
7.60000e-01	4.50000e-02	6.58723e-04
7.60000e-01	5.50000e-02	1.05285e-03
7.60000e-01	6.50000e-02	1.51135e-03
7.60000e-01	7.50000e-02	2.02380e-03
7.60000e-01	8.50000e-02	2.58129e-03
7.60000e-01	9.50000e-02	3.17614e-03
7.60000e-01	1.05000e-01	3.80151e-03
7.60000e-01	1.15000e-01	4.45121e-03
7.60000e-01	1.25000e-01	5.11944e-03
7.60000e-01	1.35000e-01	5.80066e-03
7.60000e-01	1.45000e-01	6.48944e-03
7.60000e-01	1.55000e-01	7.18035e-03
7.60000e-01	1.65000e-01	7.86786e-03
7.60000e-01	1.75000e-01	8.54632e-03
7.60000e-01	1.85000e-01	9.20990e-03
7.60000e-01	1.95000e-01	9.85259e-03
7.60000e-01	2.05000e-01	1.04682e-02
7.60000e-01	2.15000e-01	1.10504e-02
7.60000e-01	2.25000e-01	1.15928e-02
7.60000e-01	2.35000e-01	1.20888e-02
7.60000e-01	2.45000e-01	1.25321e-02
7.60000e-01	2.55000e-01	1.29165e-02
7.60000e-01	2.65000e-01	1.32359e-02
7.60000e-01	2.75000e-01	1.34847e-02
7.60000e-01	2.85000e-01	1.36580e-02
7.60000e-01	2.95000e-01	1.37511e-02
7.60000e-01	3.05000e-01	1.37606e-02
7.60000e-01	3.15000e-01	1.36835e-02
7.60000e-01	3.25000e-01	1.35180e-02
7.60000e-01	3.35000e-01	1.32635e-02
7.60000e-01	3.45000e-01	1.29202e-02
7.60000e-01	3.55000e-01	1.24898e-02
7.60000e-01	3.65000e-01	1.19748e-02
7.60000e-01	3.75000e-01	1.13792e-02
7.60000e-01	3.85000e-01	1.07078e-02
7.60000e-01	3.95000e-01	9.96644e-03
7.60000e-01	4.05000e-01	9.16199e-03
7.60000e-01	4.15000e-01	8.30199e-03
7.60000e-01	4.25000e-01	7.39461e-03
7.60000e-01	4.35000e-01	6.44850e-03
7.60000e-01	4.45000e-01	5.47266e-03
7.60000e-01	4.55000e-01	4.47627e-03
7.60000e-01	4.65000e-01	3.46861e-03
7.60000e-01	4.75000e-01	2.45895e-03
7.60000e-01	4.85000e-01	1.45647e-03
7.60000e-01	4.95000e-01	4.70250e-04
7.60000e-01	5.00000e-01	0.00000e+00

7.80000e-01	0.00000e+00	0.00000e+00
7.80000e-01	5.00000e-03	-8.65352e-08
7.80000e-01	1.50000e-02	-8.65352e-08
7.80000e-01	2.50000e-02	1.11401e-04
7.80000e-01	3.50000e-02	3.30532e-04
7.80000e-01	4.50000e-02	6.40246e-04
7.80000e-01	5.50000e-02	1.02608e-03
7.80000e-01	6.50000e-02	1.47572e-03
7.80000e-01	7.50000e-02	1.97857e-03
7.80000e-01	8.50000e-02	2.52544e-03
7.80000e-01	9.50000e-02	3.10821e-03
7.80000e-01	1.05000e-01	3.71959e-03
7.80000e-01	1.15000e-01	4.35293e-03
7.80000e-01	1.25000e-01	5.00199e-03
7.80000e-01	1.35000e-01	5.66085e-03
7.80000e-01	1.45000e-01	6.32375e-03
7.80000e-01	1.55000e-01	6.98505e-03
7.80000e-01	1.65000e-01	7.63910e-03
7.80000e-01	1.75000e-01	8.28025e-03
7.80000e-01	1.85000e-01	8.90281e-03
7.80000e-01	1.95000e-01	9.50103e-03
7.80000e-01	2.05000e-01	1.00691e-02
7.80000e-01	2.15000e-01	1.06013e-02
7.80000e-01	2.25000e-01	1.10917e-02
7.80000e-01	2.35000e-01	1.15348e-02
7.80000e-01	2.45000e-01	1.19249e-02
7.80000e-01	2.55000e-01	1.22569e-02
7.80000e-01	2.65000e-01	1.25257e-02
7.80000e-01	2.75000e-01	1.27269e-02
7.80000e-01	2.85000e-01	1.28563e-02
7.80000e-01	2.95000e-01	1.29108e-02
7.80000e-01	3.05000e-01	1.28875e-02
7.80000e-01	3.15000e-01	1.27847e-02
7.80000e-01	3.25000e-01	1.26014e-02
7.80000e-01	3.35000e-01	1.23374e-02
7.80000e-01	3.45000e-01	1.19938e-02
7.80000e-01	3.55000e-01	1.15724e-02
7.80000e-01	3.65000e-01	1.10760e-02
7.80000e-01	3.75000e-01	1.05086e-02
7.80000e-01	3.85000e-01	9.87479e-03
7.80000e-01	3.95000e-01	9.18006e-03
7.80000e-01	4.05000e-01	8.43065e-03
7.80000e-01	4.15000e-01	7.63333e-03
7.80000e-01	4.25000e-01	6.79537e-03
7.80000e-01	4.35000e-01	5.92432e-03
7.80000e-01	4.45000e-01	5.02793e-03
7.80000e-01	4.55000e-01	4.11400e-03
7.80000e-01	4.65000e-01	3.19027e-03
7.80000e-01	4.75000e-01	2.26432e-03
7.80000e-01	4.85000e-01	1.34354e-03
7.80000e-01	4.95000e-01	4.35103e-04
7.80000e-01	5.00000e-01	0.00000e+00

8.00000e-01	0.00000e+00	0.00000e+00
8.00000e-01	5.00000e-03	-8.41946e-08
8.00000e-01	1.50000e-02	-8.41946e-08
8.00000e-01	2.50000e-02	1.06555e-04
8.00000e-01	3.50000e-02	3.17818e-04
8.00000e-01	4.50000e-02	6.17846e-04
8.00000e-01	5.50000e-02	9.92899e-04
8.00000e-01	6.50000e-02	1.43103e-03
8.00000e-01	7.50000e-02	1.92176e-03
8.00000e-01	8.50000e-02	2.45584e-03
8.00000e-01	9.50000e-02	3.02497e-03
8.00000e-01	1.05000e-01	3.62159e-03
8.00000e-01	1.15000e-01	4.23875e-03
8.00000e-01	1.25000e-01	4.86989e-03
8.00000e-01	1.35000e-01	5.50882e-03
8.00000e-01	1.45000e-01	6.14952e-03
8.00000e-01	1.55000e-01	6.78615e-03
8.00000e-01	1.65000e-01	7.41298e-03
8.00000e-01	1.75000e-01	8.02432e-03
8.00000e-01	1.85000e-01	8.61456e-03
8.00000e-01	1.95000e-01	9.17813e-03
8.00000e-01	2.05000e-01	9.70954e-03
8.00000e-01	2.15000e-01	1.02034e-02
8.00000e-01	2.25000e-01	1.06544e-02
8.00000e-01	2.35000e-01	1.10574e-02
8.00000e-01	2.45000e-01	1.14076e-02
8.00000e-01	2.55000e-01	1.17004e-02
8.00000e-01	2.65000e-01	1.19316e-02
8.00000e-01	2.75000e-01	1.20975e-02
8.00000e-01	2.85000e-01	1.21949e-02
8.00000e-01	2.95000e-01	1.22212e-02
8.00000e-01	3.05000e-01	1.21743e-02
8.00000e-01	3.15000e-01	1.20532e-02
8.00000e-01	3.25000e-01	1.18575e-02
8.00000e-01	3.35000e-01	1.15875e-02
8.00000e-01	3.45000e-01	1.12446e-02
8.00000e-01	3.55000e-01	1.08310e-02
8.00000e-01	3.65000e-01	1.03496e-02
8.00000e-01	3.75000e-01	9.80441e-03
8.00000e-01	3.85000e-01	9.19996e-03
8.00000e-01	3.95000e-01	8.54155e-03
8.00000e-01	4.05000e-01	7.83510e-03
8.00000e-01	4.15000e-01	7.08695e-03
8.00000e-01	4.25000e-01	6.30378e-03
8.00000e-01	4.35000e-01	5.49249e-03
8.00000e-01	4.45000e-01	4.65996e-03
8.00000e-01	4.55000e-01	3.81300e-03
8.00000e-01	4.65000e-01	2.95813e-03
8.00000e-01	4.75000e-01	2.10154e-03
8.00000e-01	4.85000e-01	1.24897e-03
8.00000e-01	4.95000e-01	4.05713e-04
8.00000e-01	5.00000e-01	0.00000e+00

8.20000e-01	0.00000e+00	0.00000e+00
8.20000e-01	5.00000e-03	-8.29654e-08
8.20000e-01	1.50000e-02	-8.29654e-08
8.20000e-01	2.50000e-02	1.01766e-04
8.20000e-01	3.50000e-02	3.04708e-04
8.20000e-01	4.50000e-02	5.94168e-04
8.20000e-01	5.50000e-02	9.57299e-04
8.20000e-01	6.50000e-02	1.38274e-03
8.20000e-01	7.50000e-02	1.86036e-03
8.20000e-01	8.50000e-02	2.38104e-03
8.20000e-01	9.50000e-02	2.93650e-03
8.20000e-01	1.05000e-01	3.51908e-03
8.20000e-01	1.15000e-01	4.12164e-03
8.20000e-01	1.25000e-01	4.73743e-03
8.20000e-01	1.35000e-01	5.35999e-03
8.20000e-01	1.45000e-01	5.98312e-03
8.20000e-01	1.55000e-01	6.60079e-03
8.20000e-01	1.65000e-01	7.20711e-03
8.20000e-01	1.75000e-01	7.79635e-03
8.20000e-01	1.85000e-01	8.36290e-03
8.20000e-01	1.95000e-01	8.90128e-03
8.20000e-01	2.05000e-01	9.40616e-03
8.20000e-01	2.15000e-01	9.87238e-03
8.20000e-01	2.25000e-01	1.02950e-02
8.20000e-01	2.35000e-01	1.06693e-02
8.20000e-01	2.45000e-01	1.09908e-02
8.20000e-01	2.55000e-01	1.12556e-02
8.20000e-01	2.65000e-01	1.14599e-02
8.20000e-01	2.75000e-01	1.16005e-02
8.20000e-01	2.85000e-01	1.16747e-02
8.20000e-01	2.95000e-01	1.16805e-02
8.20000e-01	3.05000e-01	1.16164e-02
8.20000e-01	3.15000e-01	1.14816e-02
8.20000e-01	3.25000e-01	1.12762e-02
8.20000e-01	3.35000e-01	1.10010e-02
8.20000e-01	3.45000e-01	1.06574e-02
8.20000e-01	3.55000e-01	1.02480e-02
8.20000e-01	3.65000e-01	9.77599e-03
8.20000e-01	3.75000e-01	9.24524e-03
8.20000e-01	3.85000e-01	8.66050e-03
8.20000e-01	3.95000e-01	8.02710e-03
8.20000e-01	4.05000e-01	7.35094e-03
8.20000e-01	4.15000e-01	6.63829e-03
8.20000e-01	4.25000e-01	5.89572e-03
8.20000e-01	4.35000e-01	5.12984e-03
8.20000e-01	4.45000e-01	4.34720e-03
8.20000e-01	4.55000e-01	3.55400e-03
8.20000e-01	4.65000e-01	2.75596e-03
8.20000e-01	4.75000e-01	1.95813e-03
8.20000e-01	4.85000e-01	1.16478e-03
8.20000e-01	4.95000e-01	3.79288e-04
8.20000e-01	5.00000e-01	0.00000e+00

8.40000e-01	0.00000e+00	0.00000e+00
8.40000e-01	5.00000e-03	-8.35408e-08
8.40000e-01	1.50000e-02	-8.35408e-08
8.40000e-01	2.50000e-02	9.73216e-05
8.40000e-01	3.50000e-02	2.91985e-04
8.40000e-01	4.50000e-02	5.70662e-04
8.40000e-01	5.50000e-02	9.21544e-04
8.40000e-01	6.50000e-02	1.33404e-03
8.40000e-01	7.50000e-02	1.79858e-03
8.40000e-01	8.50000e-02	2.30637e-03
8.40000e-01	9.50000e-02	2.84929e-03
8.40000e-01	1.05000e-01	3.41971e-03
8.40000e-01	1.15000e-01	4.01039e-03
8.40000e-01	1.25000e-01	4.61443e-03
8.40000e-01	1.35000e-01	5.22517e-03
8.40000e-01	1.45000e-01	5.83616e-03
8.40000e-01	1.55000e-01	6.44117e-03
8.40000e-01	1.65000e-01	7.03412e-03
8.40000e-01	1.75000e-01	7.60915e-03
8.40000e-01	1.85000e-01	8.16056e-03
8.40000e-01	1.95000e-01	8.68286e-03
8.40000e-01	2.05000e-01	9.17075e-03
8.40000e-01	2.15000e-01	9.61920e-03
8.40000e-01	2.25000e-01	1.00234e-02
8.40000e-01	2.35000e-01	1.03790e-02
8.40000e-01	2.45000e-01	1.06816e-02
8.40000e-01	2.55000e-01	1.09277e-02
8.40000e-01	2.65000e-01	1.11137e-02
8.40000e-01	2.75000e-01	1.12369e-02
8.40000e-01	2.85000e-01	1.12948e-02
8.40000e-01	2.95000e-01	1.12858e-02
8.40000e-01	3.05000e-01	1.12085e-02
8.40000e-01	3.15000e-01	1.10626e-02
8.40000e-01	3.25000e-01	1.08482e-02
8.40000e-01	3.35000e-01	1.05664e-02
8.40000e-01	3.45000e-01	1.02190e-02
8.40000e-01	3.55000e-01	9.80856e-03
8.40000e-01	3.65000e-01	9.33847e-03
8.40000e-01	3.75000e-01	8.81295e-03
8.40000e-01	3.85000e-01	8.23698e-03
8.40000e-01	3.95000e-01	7.61619e-03
8.40000e-01	4.05000e-01	6.95680e-03
8.40000e-01	4.15000e-01	6.26548e-03
8.40000e-01	4.25000e-01	5.54913e-03
8.40000e-01	4.35000e-01	4.81470e-03
8.40000e-01	4.45000e-01	4.06890e-03
8.40000e-01	4.55000e-01	3.31795e-03
8.40000e-01	4.65000e-01	2.56724e-03
8.40000e-01	4.75000e-01	1.82107e-03
8.40000e-01	4.85000e-01	1.08241e-03
8.40000e-01	4.95000e-01	3.52726e-04
8.40000e-01	5.00000e-01	0.00000e+00

8.60000e-01	0.00000e+00	0.00000e+00
8.60000e-01	5.00000e-03	-8.65837e-08
8.60000e-01	1.50000e-02	-8.65837e-08
8.60000e-01	2.50000e-02	9.32130e-05
8.60000e-01	3.50000e-02	2.79649e-04
8.60000e-01	4.50000e-02	5.47408e-04
8.60000e-01	5.50000e-02	8.85913e-04
8.60000e-01	6.50000e-02	1.28557e-03
8.60000e-01	7.50000e-02	1.73756e-03
8.60000e-01	8.50000e-02	2.23362e-03
8.60000e-01	9.50000e-02	2.76592e-03
8.60000e-01	1.05000e-01	3.32693e-03
8.60000e-01	1.15000e-01	3.90937e-03
8.60000e-01	1.25000e-01	4.50616e-03
8.60000e-01	1.35000e-01	5.11041e-03
8.60000e-01	1.45000e-01	5.71540e-03
8.60000e-01	1.55000e-01	6.31460e-03
8.60000e-01	1.65000e-01	6.90169e-03
8.60000e-01	1.75000e-01	7.47055e-03
8.60000e-01	1.85000e-01	8.01531e-03
8.60000e-01	1.95000e-01	8.53034e-03
8.60000e-01	2.05000e-01	9.01028e-03
8.60000e-01	2.15000e-01	9.45010e-03
8.60000e-01	2.25000e-01	9.84502e-03
8.60000e-01	2.35000e-01	1.01907e-02
8.60000e-01	2.45000e-01	1.04830e-02
8.60000e-01	2.55000e-01	1.07183e-02
8.60000e-01	2.65000e-01	1.08934e-02
8.60000e-01	2.75000e-01	1.10056e-02
8.60000e-01	2.85000e-01	1.10527e-02
8.60000e-01	2.95000e-01	1.10328e-02
8.60000e-01	3.05000e-01	1.09451e-02
8.60000e-01	3.15000e-01	1.07891e-02
8.60000e-01	3.25000e-01	1.05651e-02
8.60000e-01	3.35000e-01	1.02743e-02
8.60000e-01	3.45000e-01	9.91841e-03
8.60000e-01	3.55000e-01	9.50034e-03
8.60000e-01	3.65000e-01	9.02369e-03
8.60000e-01	3.75000e-01	8.49300e-03
8.60000e-01	3.85000e-01	7.91366e-03
8.60000e-01	3.95000e-01	7.29192e-03
8.60000e-01	4.05000e-01	6.63470e-03
8.60000e-01	4.15000e-01	5.94954e-03
8.60000e-01	4.25000e-01	5.24429e-03
8.60000e-01	4.35000e-01	4.52690e-03
8.60000e-01	4.45000e-01	3.80506e-03
8.60000e-01	4.55000e-01	3.08571e-03
8.60000e-01	4.65000e-01	2.37469e-03
8.60000e-01	4.75000e-01	1.67615e-03
8.60000e-01	4.85000e-01	9.92175e-04
8.60000e-01	4.95000e-01	3.22363e-04
8.60000e-01	5.00000e-01	0.00000e+00

8.80000e-01	0.00000e+00	0.00000e+00
8.80000e-01	5.00000e-03	-9.27630e-08
8.80000e-01	1.50000e-02	-9.27630e-08
8.80000e-01	2.50000e-02	8.90731e-05
8.80000e-01	3.50000e-02	2.66773e-04
8.80000e-01	4.50000e-02	5.22912e-04
8.80000e-01	5.50000e-02	8.48474e-04
8.80000e-01	6.50000e-02	1.23518e-03
8.80000e-01	7.50000e-02	1.67521e-03
8.80000e-01	8.50000e-02	2.16099e-03
8.80000e-01	9.50000e-02	2.68508e-03
8.80000e-01	1.05000e-01	3.24008e-03
8.80000e-01	1.15000e-01	3.81862e-03
8.80000e-01	1.25000e-01	4.41342e-03
8.80000e-01	1.35000e-01	5.01722e-03
8.80000e-01	1.45000e-01	5.62295e-03
8.80000e-01	1.55000e-01	6.22366e-03
8.80000e-01	1.65000e-01	6.81266e-03
8.80000e-01	1.75000e-01	7.38348e-03
8.80000e-01	1.85000e-01	7.92997e-03
8.80000e-01	1.95000e-01	8.44626e-03
8.80000e-01	2.05000e-01	8.92682e-03
8.80000e-01	2.15000e-01	9.36648e-03
8.80000e-01	2.25000e-01	9.76042e-03
8.80000e-01	2.35000e-01	1.01042e-02
8.80000e-01	2.45000e-01	1.03937e-02
8.80000e-01	2.55000e-01	1.06253e-02
8.80000e-01	2.65000e-01	1.07959e-02
8.80000e-01	2.75000e-01	1.09026e-02
8.80000e-01	2.85000e-01	1.09431e-02
8.80000e-01	2.95000e-01	1.09158e-02
8.80000e-01	3.05000e-01	1.08195e-02
8.80000e-01	3.15000e-01	1.06538e-02
8.80000e-01	3.25000e-01	1.04189e-02
8.80000e-01	3.35000e-01	1.01158e-02
8.80000e-01	3.45000e-01	9.74646e-03
8.80000e-01	3.55000e-01	9.31371e-03
8.80000e-01	3.65000e-01	8.82140e-03
8.80000e-01	3.75000e-01	8.27443e-03
8.80000e-01	3.85000e-01	7.67880e-03
8.80000e-01	3.95000e-01	7.04154e-03
8.80000e-01	4.05000e-01	6.37072e-03
8.80000e-01	4.15000e-01	5.67524e-03
8.80000e-01	4.25000e-01	4.96461e-03
8.80000e-01	4.35000e-01	4.24864e-03
8.80000e-01	4.45000e-01	3.53695e-03
8.80000e-01	4.55000e-01	2.83837e-03
8.80000e-01	4.65000e-01	2.16028e-03
8.80000e-01	4.75000e-01	1.50778e-03
8.80000e-01	4.85000e-01	8.82870e-04
8.80000e-01	4.95000e-01	2.83706e-04
8.80000e-01	5.00000e-01	0.00000e+00

9.00000e-01	0.00000e+00	0.00000e+00
9.00000e-01	5.00000e-03	-1.02746e-07
9.00000e-01	1.50000e-02	-1.02746e-07
9.00000e-01	2.50000e-02	8.40804e-05
9.00000e-01	3.50000e-02	2.51331e-04
9.00000e-01	4.50000e-02	4.93912e-04
9.00000e-01	5.50000e-02	8.04953e-04
9.00000e-01	6.50000e-02	1.17793e-03
9.00000e-01	7.50000e-02	1.60632e-03
9.00000e-01	8.50000e-02	2.08336e-03
9.00000e-01	9.50000e-02	2.60202e-03
9.00000e-01	1.05000e-01	3.15495e-03
9.00000e-01	1.15000e-01	3.73459e-03
9.00000e-01	1.25000e-01	4.33325e-03
9.00000e-01	1.35000e-01	4.94320e-03
9.00000e-01	1.45000e-01	5.55680e-03
9.00000e-01	1.55000e-01	6.16658e-03
9.00000e-01	1.65000e-01	6.76532e-03
9.00000e-01	1.75000e-01	7.34610e-03
9.00000e-01	1.85000e-01	7.90237e-03
9.00000e-01	1.95000e-01	8.42796e-03
9.00000e-01	2.05000e-01	8.91706e-03
9.00000e-01	2.15000e-01	9.36431e-03
9.00000e-01	2.25000e-01	9.76473e-03
9.00000e-01	2.35000e-01	1.01138e-02
9.00000e-01	2.45000e-01	1.04072e-02
9.00000e-01	2.55000e-01	1.06414e-02
9.00000e-01	2.65000e-01	1.08129e-02
9.00000e-01	2.75000e-01	1.09188e-02
9.00000e-01	2.85000e-01	1.09568e-02
9.00000e-01	2.95000e-01	1.09250e-02
9.00000e-01	3.05000e-01	1.08219e-02
9.00000e-01	3.15000e-01	1.06468e-02
9.00000e-01	3.25000e-01	1.03998e-02
9.00000e-01	3.35000e-01	1.00817e-02
9.00000e-01	3.45000e-01	9.69426e-03
9.00000e-01	3.55000e-01	9.24020e-03
9.00000e-01	3.65000e-01	8.72351e-03
9.00000e-01	3.75000e-01	8.14941e-03
9.00000e-01	3.85000e-01	7.52453e-03
9.00000e-01	3.95000e-01	6.85689e-03
9.00000e-01	4.05000e-01	6.15594e-03
9.00000e-01	4.15000e-01	5.43249e-03
9.00000e-01	4.25000e-01	4.69841e-03
9.00000e-01	4.35000e-01	3.96635e-03
9.00000e-01	4.45000e-01	3.24913e-03
9.00000e-01	4.55000e-01	2.55897e-03
9.00000e-01	4.65000e-01	1.90651e-03
9.00000e-01	4.75000e-01	1.29959e-03
9.00000e-01	4.85000e-01	7.41833e-04
9.00000e-01	4.95000e-01	2.31238e-04
9.00000e-01	5.00000e-01	0.00000e+00

9.20000e-01	0.00000e+00	0.00000e+00
9.20000e-01	5.00000e-03	-1.17105e-07
9.20000e-01	1.50000e-02	-1.17105e-07
9.20000e-01	2.50000e-02	7.68393e-05
9.20000e-01	3.50000e-02	2.30059e-04
9.20000e-01	4.50000e-02	4.55398e-04
9.20000e-01	5.50000e-02	7.49045e-04
9.20000e-01	6.50000e-02	1.10679e-03
9.20000e-01	7.50000e-02	1.52364e-03
9.20000e-01	8.50000e-02	1.99367e-03
9.20000e-01	9.50000e-02	2.51012e-03
9.20000e-01	1.05000e-01	3.06546e-03
9.20000e-01	1.15000e-01	3.65168e-03
9.20000e-01	1.25000e-01	4.26044e-03
9.20000e-01	1.35000e-01	4.88330e-03
9.20000e-01	1.45000e-01	5.51188e-03
9.20000e-01	1.55000e-01	6.13800e-03
9.20000e-01	1.65000e-01	6.75381e-03
9.20000e-01	1.75000e-01	7.35184e-03
9.20000e-01	1.85000e-01	7.92507e-03
9.20000e-01	1.95000e-01	8.46695e-03
9.20000e-01	2.05000e-01	8.97139e-03
9.20000e-01	2.15000e-01	9.43280e-03
9.20000e-01	2.25000e-01	9.84600e-03
9.20000e-01	2.35000e-01	1.02063e-02
9.20000e-01	2.45000e-01	1.05093e-02
9.20000e-01	2.55000e-01	1.07512e-02
9.20000e-01	2.65000e-01	1.09285e-02
9.20000e-01	2.75000e-01	1.10380e-02
9.20000e-01	2.85000e-01	1.10772e-02
9.20000e-01	2.95000e-01	1.10436e-02
9.20000e-01	3.05000e-01	1.09358e-02
9.20000e-01	3.15000e-01	1.07524e-02
9.20000e-01	3.25000e-01	1.04933e-02
9.20000e-01	3.35000e-01	1.01586e-02
9.20000e-01	3.45000e-01	9.74990e-03
9.20000e-01	3.55000e-01	9.26963e-03
9.20000e-01	3.65000e-01	8.72167e-03
9.20000e-01	3.75000e-01	8.11141e-03
9.20000e-01	3.85000e-01	7.44596e-03
9.20000e-01	3.95000e-01	6.73431e-03
9.20000e-01	4.05000e-01	5.98746e-03
9.20000e-01	4.15000e-01	5.21838e-03
9.20000e-01	4.25000e-01	4.44196e-03
9.20000e-01	4.35000e-01	3.67461e-03
9.20000e-01	4.45000e-01	2.93375e-03
9.20000e-01	4.55000e-01	2.23687e-03
9.20000e-01	4.65000e-01	1.60025e-03
9.20000e-01	4.75000e-01	1.03731e-03
9.20000e-01	4.85000e-01	5.56454e-04
9.20000e-01	4.95000e-01	1.58630e-04
9.20000e-01	5.00000e-01	0.00000e+00

9.40000e-01	0.00000e+00	0.00000e+00
9.40000e-01	5.00000e-03	-1.36055e-07
9.40000e-01	1.50000e-02	-1.36055e-07
9.40000e-01	2.50000e-02	6.53396e-05
9.40000e-01	3.50000e-02	1.98744e-04
9.40000e-01	4.50000e-02	4.01563e-04
9.40000e-01	5.50000e-02	6.74200e-04
9.40000e-01	6.50000e-02	1.01521e-03
9.40000e-01	7.50000e-02	1.42111e-03
9.40000e-01	8.50000e-02	1.88656e-03
9.40000e-01	9.50000e-02	2.40464e-03
9.40000e-01	1.05000e-01	2.96728e-03
9.40000e-01	1.15000e-01	3.56563e-03
9.40000e-01	1.25000e-01	4.19041e-03
9.40000e-01	1.35000e-01	4.83223e-03
9.40000e-01	1.45000e-01	5.48179e-03
9.40000e-01	1.55000e-01	6.13012e-03
9.40000e-01	1.65000e-01	6.76864e-03
9.40000e-01	1.75000e-01	7.38931e-03
9.40000e-01	1.85000e-01	7.98465e-03
9.40000e-01	1.95000e-01	8.54773e-03
9.40000e-01	2.05000e-01	9.07220e-03
9.40000e-01	2.15000e-01	9.55223e-03
9.40000e-01	2.25000e-01	9.98251e-03
9.40000e-01	2.35000e-01	1.03582e-02
9.40000e-01	2.45000e-01	1.06748e-02
9.40000e-01	2.55000e-01	1.09283e-02
9.40000e-01	2.65000e-01	1.11150e-02
9.40000e-01	2.75000e-01	1.12315e-02
9.40000e-01	2.85000e-01	1.12750e-02
9.40000e-01	2.95000e-01	1.12427e-02
9.40000e-01	3.05000e-01	1.11327e-02
9.40000e-01	3.15000e-01	1.09432e-02
9.40000e-01	3.25000e-01	1.06732e-02
9.40000e-01	3.35000e-01	1.03227e-02
9.40000e-01	3.45000e-01	9.89243e-03
9.40000e-01	3.55000e-01	9.38440e-03
9.40000e-01	3.65000e-01	8.80211e-03
9.40000e-01	3.75000e-01	8.15083e-03
9.40000e-01	3.85000e-01	7.43787e-03
9.40000e-01	3.95000e-01	6.67292e-03
9.40000e-01	4.05000e-01	5.86830e-03
9.40000e-01	4.15000e-01	5.03917e-03
9.40000e-01	4.25000e-01	4.20358e-03
9.40000e-01	4.35000e-01	3.38233e-03
9.40000e-01	4.45000e-01	2.59854e-03
9.40000e-01	4.55000e-01	1.87685e-03
9.40000e-01	4.65000e-01	1.24199e-03
9.40000e-01	4.75000e-01	7.16816e-04
9.40000e-01	4.85000e-01	3.19570e-04
9.40000e-01	4.95000e-01	6.03951e-05
9.40000e-01	5.00000e-01	0.00000e+00

9.60000e-01	0.00000e+00	0.00000e+00
9.60000e-01	5.00000e-03	-1.58847e-07
9.60000e-01	1.50000e-02	-1.58847e-07
9.60000e-01	2.50000e-02	4.75111e-05
9.60000e-01	3.50000e-02	1.54352e-04
9.60000e-01	4.50000e-02	3.29975e-04
9.60000e-01	5.50000e-02	5.79694e-04
9.60000e-01	6.50000e-02	9.04578e-04
9.60000e-01	7.50000e-02	1.30204e-03
9.60000e-01	8.50000e-02	1.76657e-03
9.60000e-01	9.50000e-02	2.29054e-03
9.60000e-01	1.05000e-01	2.86484e-03
9.60000e-01	1.15000e-01	3.47946e-03
9.60000e-01	1.25000e-01	4.12400e-03
9.60000e-01	1.35000e-01	4.78800e-03
9.60000e-01	1.45000e-01	5.46125e-03
9.60000e-01	1.55000e-01	6.13398e-03
9.60000e-01	1.65000e-01	6.79700e-03
9.60000e-01	1.75000e-01	7.44174e-03
9.60000e-01	1.85000e-01	8.06034e-03
9.60000e-01	1.95000e-01	8.64561e-03
9.60000e-01	2.05000e-01	9.19098e-03
9.60000e-01	2.15000e-01	9.69049e-03
9.60000e-01	2.25000e-01	1.01387e-02
9.60000e-01	2.35000e-01	1.05308e-02
9.60000e-01	2.45000e-01	1.08620e-02
9.60000e-01	2.55000e-01	1.11284e-02
9.60000e-01	2.65000e-01	1.13261e-02
9.60000e-01	2.75000e-01	1.14515e-02
9.60000e-01	2.85000e-01	1.15014e-02
9.60000e-01	2.95000e-01	1.14728e-02
9.60000e-01	3.05000e-01	1.13632e-02
9.60000e-01	3.15000e-01	1.11705e-02
9.60000e-01	3.25000e-01	1.08931e-02
9.60000e-01	3.35000e-01	1.05301e-02
9.60000e-01	3.45000e-01	1.00818e-02
9.60000e-01	3.55000e-01	9.54941e-03
9.60000e-01	3.65000e-01	8.93587e-03
9.60000e-01	3.75000e-01	8.24600e-03
9.60000e-01	3.85000e-01	7.48692e-03
9.60000e-01	3.95000e-01	6.66854e-03
9.60000e-01	4.05000e-01	5.80396e-03
9.60000e-01	4.15000e-01	4.90994e-03
9.60000e-01	4.25000e-01	4.00719e-03
9.60000e-01	4.35000e-01	3.12056e-03
9.60000e-01	4.45000e-01	2.27902e-03
9.60000e-01	4.55000e-01	1.51521e-03
9.60000e-01	4.65000e-01	8.64412e-04
9.60000e-01	4.75000e-01	3.62775e-04
9.60000e-01	4.85000e-01	4.45634e-05
9.60000e-01	4.95000e-01	-6.15098e-05
9.60000e-01	5.00000e-01	-0.00000e+00

9.80000e-01	0.00000e+00	0.00000e+00
9.80000e-01	5.00000e-03	-1.83412e-07
9.80000e-01	1.50000e-02	-1.83412e-07
9.80000e-01	2.50000e-02	2.49662e-05
9.80000e-01	3.50000e-02	1.04412e-04
9.80000e-01	4.50000e-02	2.55865e-04
9.80000e-01	5.50000e-02	4.87950e-04
9.80000e-01	6.50000e-02	8.02608e-04
9.80000e-01	7.50000e-02	1.19691e-03
9.80000e-01	8.50000e-02	1.66448e-03
9.80000e-01	9.50000e-02	2.19657e-03
9.80000e-01	1.05000e-01	2.78297e-03
9.80000e-01	1.15000e-01	3.41265e-03
9.80000e-01	1.25000e-01	4.07427e-03
9.80000e-01	1.35000e-01	4.75661e-03
9.80000e-01	1.45000e-01	5.44881e-03
9.80000e-01	1.55000e-01	6.14059e-03
9.80000e-01	1.65000e-01	6.82235e-03
9.80000e-01	1.75000e-01	7.48526e-03
9.80000e-01	1.85000e-01	8.12123e-03
9.80000e-01	1.95000e-01	8.72293e-03
9.80000e-01	2.05000e-01	9.28373e-03
9.80000e-01	2.15000e-01	9.79761e-03
9.80000e-01	2.25000e-01	1.02591e-02
9.80000e-01	2.35000e-01	1.06634e-02
9.80000e-01	2.45000e-01	1.10058e-02
9.80000e-01	2.55000e-01	1.12821e-02
9.80000e-01	2.65000e-01	1.14885e-02
9.80000e-01	2.75000e-01	1.16212e-02
9.80000e-01	2.85000e-01	1.16770e-02
9.80000e-01	2.95000e-01	1.16525e-02
9.80000e-01	3.05000e-01	1.15450e-02
9.80000e-01	3.15000e-01	1.13520e-02
9.80000e-01	3.25000e-01	1.10713e-02
9.80000e-01	3.35000e-01	1.07018e-02
9.80000e-01	3.45000e-01	1.02430e-02
9.80000e-01	3.55000e-01	9.69569e-03
9.80000e-01	3.65000e-01	9.06212e-03
9.80000e-01	3.75000e-01	8.34660e-03
9.80000e-01	3.85000e-01	7.55586e-03
9.80000e-01	3.95000e-01	6.69958e-03
9.80000e-01	4.05000e-01	5.79098e-03
9.80000e-01	4.15000e-01	4.84741e-03
9.80000e-01	4.25000e-01	3.89089e-03
9.80000e-01	4.35000e-01	2.94864e-03
9.80000e-01	4.45000e-01	2.05354e-03
9.80000e-01	4.55000e-01	1.24430e-03
9.80000e-01	4.65000e-01	5.65460e-04
9.80000e-01	4.75000e-01	6.67789e-05
9.80000e-01	4.85000e-01	-1.98232e-04
9.80000e-01	4.95000e-01	-1.75492e-04
9.80000e-01	5.00000e-01	-0.00000e+00

1.00000e+00	0.00000e+00	0.00000e+00
1.00000e+00	5.00000e-03	-1.83412e-07
1.00000e+00	1.50000e-02	-1.83412e-07
1.00000e+00	2.50000e-02	2.49662e-05
1.00000e+00	3.50000e-02	1.04412e-04
1.00000e+00	4.50000e-02	2.55865e-04
1.00000e+00	5.50000e-02	4.87950e-04
1.00000e+00	6.50000e-02	8.02608e-04
1.00000e+00	7.50000e-02	1.19691e-03
1.00000e+00	8.50000e-02	1.66448e-03
1.00000e+00	9.50000e-02	2.19657e-03
1.00000e+00	1.05000e-01	2.78297e-03
1.00000e+00	1.15000e-01	3.41265e-03
1.00000e+00	1.25000e-01	4.07427e-03
1.00000e+00	1.35000e-01	4.75661e-03
1.00000e+00	1.45000e-01	5.44881e-03
1.00000e+00	1.55000e-01	6.14059e-03
1.00000e+00	1.65000e-01	6.82235e-03
1.00000e+00	1.75000e-01	7.48526e-03
1.00000e+00	1.85000e-01	8.12123e-03
1.00000e+00	1.95000e-01	8.72293e-03
1.00000e+00	2.05000e-01	9.28373e-03
1.00000e+00	2.15000e-01	9.79761e-03
1.00000e+00	2.25000e-01	1.02591e-02
1.00000e+00	2.35000e-01	1.06634e-02
1.00000e+00	2.45000e-01	1.10058e-02
1.00000e+00	2.55000e-01	1.12821e-02
1.00000e+00	2.65000e-01	1.14885e-02
1.00000e+00	2.75000e-01	1.16212e-02
1.00000e+00	2.85000e-01	1.16770e-02
1.00000e+00	2.95000e-01	1.16525e-02
1.00000e+00	3.05000e-01	1.15450e-02
1.00000e+00	3.15000e-01	1.13520e-02
1.00000e+00	3.25000e-01	1.10713e-02
1.00000e+00	3.35000e-01	1.07018e-02
1.00000e+00	3.45000e-01	1.02430e-02
1.00000e+00	3.55000e-01	9.69569e-03
1.00000e+00	3.65000e-01	9.06212e-03
1.00000e+00	3.75000e-01	8.34660e-03
1.00000e+00	3.85000e-01	7.55586e-03
1.00000e+00	3.95000e-01	6.69958e-03
1.00000e+00	4.05000e-01	5.79098e-03
1.00000e+00	4.15000e-01	4.84741e-03
1.00000e+00	4.25000e-01	3.89089e-03
1.00000e+00	4.35000e-01	2.94864e-03
1.00000e+00	4.45000e-01	2.05354e-03
1.00000e+00	4.55000e-01	1.24430e-03
1.00000e+00	4.65000e-01	5.65460e-04
1.00000e+00	4.75000e-01	6.67789e-05
1.00000e+00	4.85000e-01	-1.98232e-04
1.00000e+00	4.95000e-01	-1.75492e-04
1.00000e+00	5.00000e-01	-0.00000e+00

