0.00000e+00	0.00000e+00	0.00000e+00
0.00000e+00	1.00000e-02	0.00000e+00
0.00000e+00	2.00000e-02	0.00000e+00
0.00000e+00	3.00000e-02	0.00000e+00
0.00000e+00	4.00000e-02	0.00000e+00
0.00000e+00	5.00000e-02	0.00000e+00
0.00000e+00	6.00000e-02	0.00000e+00
0.00000e+00	7.00000e-02	0.00000e+00
0.00000e+00	8.00000e-02	0.00000e+00
0.00000e+00	9.00000e-02	0.00000e+00
0.00000e+00	1.00000e-01	0.00000e+00
0.00000e+00	1.10000e-01	0.00000e+00
0.00000e+00	1.20000e-01	0.00000e+00
0.00000e+00	1.30000e-01	0.00000e+00
0.00000e+00	1.40000e-01	0.00000e+00
0.00000e+00	1.50000e-01	0.00000e+00
0.00000e+00	1.60000e-01	0.00000e+00
0.00000e+00	1.70000e-01	0.00000e+00
0.00000e+00	1.80000e-01	0.00000e+00
0.00000e+00	1.90000e-01	0.00000e+00
0.00000e+00	2.00000e-01	0.00000e+00
0.00000e+00	2.10000e-01	0.00000e+00
0.00000e+00	2.20000e-01	0.00000e+00
0.00000e+00	2.30000e-01	0.00000e+00
0.00000e+00	2.40000e-01	0.00000e+00
0.00000e+00	2.50000e-01	0.00000e+00
0.00000e+00	2.60000e-01	0.00000e+00
0.00000e+00	2.70000e-01	0.00000e+00
0.00000e+00	2.80000e-01	0.00000e+00
0.00000e+00	2.90000e-01	0.00000e+00
0.00000e+00	3.00000e-01	0.00000e+00
0.00000e+00	3.10000e-01	0.00000e+00
0.00000e+00	3.20000e-01	0.00000e+00
0.00000e+00	3.30000e-01	0.00000e+00
0.00000e+00	3.40000e-01	0.00000e+00
0.00000e+00	3.50000e-01	0.00000e+00
0.00000e+00	3.60000e-01	0.00000e+00
0.00000e+00	3.70000e-01	0.00000e+00
0.00000e+00	3.80000e-01	0.00000e+00
0.00000e+00	3.90000e-01	0.00000e+00
0.00000e+00	4.00000e-01	0.00000e+00
0.00000e+00	4.10000e-01	0.00000e+00
0.00000e+00	4.20000e-01	0.00000e+00
0.00000e+00	4.30000e-01	0.00000e+00
0.00000e+00	4.40000e-01	0.00000e+00
0.00000e+00	4.50000e-01	0.00000e+00
0.00000e+00	4.60000e-01	0.00000e+00
0.00000e+00	4.70000e-01	0.00000e+00
0.00000e+00	4.80000e-01	0.00000e+00
0.00000e+00	4.90000e-01	0.00000e+00
0.00000e+00	5.00000e-01	0.00000e+00

1.00000e-02	0.00000e+00	3.21166e-02
1.00000e-02	1.00000e-02	3.21166e-02
1.00000e-02	2.00000e-02	3.21166e-02
1.00000e-02	3.00000e-02	3.21829e-02
1.00000e-02	4.00000e-02	3.22874e-02
1.00000e-02	5.00000e-02	3.24281e-02
1.00000e-02	6.00000e-02	3.26171e-02
1.00000e-02	7.00000e-02	3.28760e-02
1.00000e-02	8.00000e-02	3.32355e-02
1.00000e-02	9.00000e-02	3.37365e-02
1.00000e-02	1.00000e-01	3.44333e-02
1.00000e-02	1.10000e-01	3.53977e-02
1.00000e-02	1.20000e-01	3.67227e-02
1.00000e-02	1.30000e-01	3.85260e-02
1.00000e-02	1.40000e-01	4.09459e-02
1.00000e-02	1.50000e-01	4.41184e-02
1.00000e-02	1.60000e-01	4.80935e-02
1.00000e-02	1.70000e-01	5.25797e-02
1.00000e-02	1.80000e-01	5.61841e-02
1.00000e-02	1.90000e-01	5.42354e-02
1.00000e-02	2.00000e-01	3.32852e-02
1.00000e-02	2.10000e-01	-3.87011e-02
1.00000e-02	2.20000e-01	-1.41512e-02
1.00000e-02	2.30000e-01	-9.75425e-03
1.00000e-02	2.40000e-01	-9.13328e-03
1.00000e-02	2.50000e-01	-8.17829e-03
1.00000e-02	2.60000e-01	-2.21497e-03
1.00000e-02	2.70000e-01	2.68056e-02
1.00000e-02	2.80000e-01	-3.83731e-02
1.00000e-02	2.90000e-01	-5.55402e-02
1.00000e-02	3.00000e-01	-5.61462e-02
1.00000e-02	3.10000e-01	-5.25470e-02
1.00000e-02	3.20000e-01	-4.86931e-02
1.00000e-02	3.30000e-01	-4.55219e-02
1.00000e-02	3.40000e-01	-4.30182e-02
1.00000e-02	3.50000e-01	-4.09210e-02
1.00000e-02	3.60000e-01	-3.89521e-02
1.00000e-02	3.70000e-01	-3.68838e-02
1.00000e-02	3.80000e-01	-3.45529e-02
1.00000e-02	3.90000e-01	-3.18608e-02
1.00000e-02	4.00000e-01	-2.87702e-02
1.00000e-02	4.10000e-01	-2.53011e-02
1.00000e-02	4.20000e-01	-2.15266e-02
1.00000e-02	4.30000e-01	-1.75684e-02
1.00000e-02	4.40000e-01	-1.35886e-02
1.00000e-02	4.50000e-01	-9.78062e-03
1.00000e-02	4.60000e-01	-6.35483e-03
1.00000e-02	4.70000e-01	-3.52046e-03
1.00000e-02	4.80000e-01	-1.46020e-03
1.00000e-02	4.90000e-01	-2.91690e-04
1.00000e-02	5.00000e-01	-0.00000e+00

3.00000e-02	0.00000e+00	5.30118e-02
3.00000e-02	1.00000e-02	5.30118e-02
3.00000e-02	2.00000e-02	5.30118e-02
3.00000e-02	3.00000e-02	5.29990e-02
3.00000e-02	4.00000e-02	5.30035e-02
3.00000e-02	5.00000e-02	5.30388e-02
3.00000e-02	6.00000e-02	5.31146e-02
3.00000e-02	7.00000e-02	5.32409e-02
3.00000e-02	8.00000e-02	5.34305e-02
3.00000e-02	9.00000e-02	5.36978e-02
3.00000e-02	1.00000e-01	5.40563e-02
3.00000e-02	1.10000e-01	5.45120e-02
3.00000e-02	1.20000e-01	5.50481e-02
3.00000e-02	1.30000e-01	5.55968e-02
3.00000e-02	1.40000e-01	5.59803e-02
3.00000e-02	1.50000e-01	5.57975e-02
3.00000e-02	1.60000e-01	5.42096e-02
3.00000e-02	1.70000e-01	4.95719e-02
3.00000e-02	1.80000e-01	3.89901e-02
3.00000e-02	1.90000e-01	1.85599e-02
3.00000e-02	2.00000e-01	-1.31028e-02
3.00000e-02	2.10000e-01	-4.18801e-02
3.00000e-02	2.20000e-01	-2.96380e-02
3.00000e-02	2.30000e-01	-2.18274e-02
3.00000e-02	2.40000e-01	-1.68514e-02
3.00000e-02	2.50000e-01	-1.10025e-02
3.00000e-02	2.60000e-01	-1.69236e-04
3.00000e-02	2.70000e-01	1.74702e-02
3.00000e-02	2.80000e-01	-5.44129e-03
3.00000e-02	2.90000e-01	-3.05188e-02
3.00000e-02	3.00000e-01	-4.65716e-02
3.00000e-02	3.10000e-01	-5.48547e-02
3.00000e-02	3.20000e-01	-5.85186e-02
3.00000e-02	3.30000e-01	-5.97342e-02
3.00000e-02	3.40000e-01	-5.96180e-02
3.00000e-02	3.50000e-01	-5.86491e-02
3.00000e-02	3.60000e-01	-5.69899e-02
3.00000e-02	3.70000e-01	-5.46676e-02
3.00000e-02	3.80000e-01	-5.16691e-02
3.00000e-02	3.90000e-01	-4.79891e-02
3.00000e-02	4.00000e-01	-4.36540e-02
3.00000e-02	4.10000e-01	-3.87338e-02
3.00000e-02	4.20000e-01	-3.33466e-02
3.00000e-02	4.30000e-01	-2.76587e-02
3.00000e-02	4.40000e-01	-2.18812e-02
3.00000e-02	4.50000e-01	-1.62618e-02
3.00000e-02	4.60000e-01	-1.10731e-02
3.00000e-02	4.70000e-01	-6.59604e-03
3.00000e-02	4.80000e-01	-3.10060e-03
3.00000e-02	4.90000e-01	-8.29412e-04
3.00000e-02	5.00000e-01	-0.00000e+00

5.00000e-02	0.00000e+00	6.06537e-02
5.00000e-02	1.00000e-02	6.06537e-02
5.00000e-02	2.00000e-02	6.06537e-02
5.00000e-02	3.00000e-02	6.05946e-02
5.00000e-02	4.00000e-02	6.04962e-02
5.00000e-02	5.00000e-02	6.03638e-02
5.00000e-02	6.00000e-02	6.01914e-02
5.00000e-02	7.00000e-02	5.99640e-02
5.00000e-02	8.00000e-02	5.96582e-02
5.00000e-02	9.00000e-02	5.92385e-02
5.00000e-02	1.00000e-01	5.86505e-02
5.00000e-02	1.10000e-01	5.78059e-02
5.00000e-02	1.20000e-01	5.65577e-02
5.00000e-02	1.30000e-01	5.46594e-02
5.00000e-02	1.40000e-01	5.17007e-02
5.00000e-02	1.50000e-01	4.70164e-02
5.00000e-02	1.60000e-01	3.95923e-02
5.00000e-02	1.70000e-01	2.80716e-02
5.00000e-02	1.80000e-01	1.11614e-02
5.00000e-02	1.90000e-01	-1.10572e-02
5.00000e-02	2.00000e-01	-3.37328e-02
5.00000e-02	2.10000e-01	-4.76490e-02
5.00000e-02	2.20000e-01	-4.10288e-02
5.00000e-02	2.30000e-01	-3.17002e-02
5.00000e-02	2.40000e-01	-2.26396e-02
5.00000e-02	2.50000e-01	-1.25241e-02
5.00000e-02	2.60000e-01	-4.33735e-05
5.00000e-02	2.70000e-01	1.11460e-02
5.00000e-02	2.80000e-01	2.42207e-03
5.00000e-02	2.90000e-01	-1.42637e-02
5.00000e-02	3.00000e-01	-3.01443e-02
5.00000e-02	3.10000e-01	-4.21712e-02
5.00000e-02	3.20000e-01	-5.02697e-02
5.00000e-02	3.30000e-01	-5.53007e-02
5.00000e-02	3.40000e-01	-5.81065e-02
5.00000e-02	3.50000e-01	-5.92640e-02
5.00000e-02	3.60000e-01	-5.91126e-02
5.00000e-02	3.70000e-01	-5.78386e-02
5.00000e-02	3.80000e-01	-5.55486e-02
5.00000e-02	3.90000e-01	-5.23189e-02
5.00000e-02	4.00000e-01	-4.82269e-02
5.00000e-02	4.10000e-01	-4.33704e-02
5.00000e-02	4.20000e-01	-3.78794e-02
5.00000e-02	4.30000e-01	-3.19230e-02
5.00000e-02	4.40000e-01	-2.57133e-02
5.00000e-02	4.50000e-01	-1.95056e-02
5.00000e-02	4.60000e-01	-1.35965e-02
5.00000e-02	4.70000e-01	-8.31805e-03
5.00000e-02	4.80000e-01	-4.03025e-03
5.00000e-02	4.90000e-01	-1.11792e-03
5.00000e-02	5.00000e-01	-0.00000e+00

7.00000e-02	0.00000e+00	5.52517e-02
7.00000e-02	1.00000e-02	5.52517e-02
7.00000e-02	2.00000e-02	5.52517e-02
7.00000e-02	3.00000e-02	5.51666e-02
7.00000e-02	4.00000e-02	5.49874e-02
7.00000e-02	5.00000e-02	5.46888e-02
7.00000e-02	6.00000e-02	5.42309e-02
7.00000e-02	7.00000e-02	5.35606e-02
7.00000e-02	8.00000e-02	5.26100e-02
7.00000e-02	9.00000e-02	5.12904e-02
7.00000e-02	1.00000e-01	4.94824e-02
7.00000e-02	1.10000e-01	4.70197e-02
7.00000e-02	1.20000e-01	4.36647e-02
7.00000e-02	1.30000e-01	3.90775e-02
7.00000e-02	1.40000e-01	3.27830e-02
7.00000e-02	1.50000e-01	2.41620e-02
7.00000e-02	1.60000e-01	1.25240e-02
7.00000e-02	1.70000e-01	-2.62736e-03
7.00000e-02	1.80000e-01	-2.10014e-02
7.00000e-02	1.90000e-01	-4.00633e-02
7.00000e-02	2.00000e-01	-5.48810e-02
7.00000e-02	2.10000e-01	-6.04966e-02
7.00000e-02	2.20000e-01	-5.28959e-02
7.00000e-02	2.30000e-01	-4.00913e-02
7.00000e-02	2.40000e-01	-2.58112e-02
7.00000e-02	2.50000e-01	-1.07412e-02
7.00000e-02	2.60000e-01	4.15349e-03
7.00000e-02	2.70000e-01	1.43522e-02
7.00000e-02	2.80000e-01	1.20200e-02
7.00000e-02	2.90000e-01	1.91969e-03
7.00000e-02	3.00000e-01	-1.09353e-02
7.00000e-02	3.10000e-01	-2.28534e-02
7.00000e-02	3.20000e-01	-3.24951e-02
7.00000e-02	3.30000e-01	-3.96944e-02
7.00000e-02	3.40000e-01	-4.47406e-02
7.00000e-02	3.50000e-01	-4.79910e-02
7.00000e-02	3.60000e-01	-4.97320e-02
7.00000e-02	3.70000e-01	-5.01623e-02
7.00000e-02	3.80000e-01	-4.94164e-02
7.00000e-02	3.90000e-01	-4.75938e-02
7.00000e-02	4.00000e-01	-4.47825e-02
7.00000e-02	4.10000e-01	-4.10757e-02
7.00000e-02	4.20000e-01	-3.65854e-02
7.00000e-02	4.30000e-01	-3.14530e-02
7.00000e-02	4.40000e-01	-2.58603e-02
7.00000e-02	4.50000e-01	-2.00388e-02
7.00000e-02	4.60000e-01	-1.42781e-02
7.00000e-02	4.70000e-01	-8.93343e-03
7.00000e-02	4.80000e-01	-4.42876e-03
7.00000e-02	4.90000e-01	-1.25997e-03
7.00000e-02	5.00000e-01	-0.00000e+00

9.00000e-02	0.00000e+00	3.73647e-02
9.00000e-02	1.00000e-02	3.73647e-02
9.00000e-02	2.00000e-02	3.73647e-02
9.00000e-02	3.00000e-02	3.72584e-02
9.00000e-02	4.00000e-02	3.69926e-02
9.00000e-02	5.00000e-02	3.64926e-02
9.00000e-02	6.00000e-02	3.56697e-02
9.00000e-02	7.00000e-02	3.44228e-02
9.00000e-02	8.00000e-02	3.26329e-02
9.00000e-02	9.00000e-02	3.01552e-02
9.00000e-02	1.00000e-01	2.68076e-02
9.00000e-02	1.10000e-01	2.23573e-02
9.00000e-02	1.20000e-01	1.65073e-02
9.00000e-02	1.30000e-01	8.89384e-03
9.00000e-02	1.40000e-01	-8.89771e-04
9.00000e-02	1.50000e-01	-1.32033e-02
9.00000e-02	1.60000e-01	-2.81544e-02
9.00000e-02	1.70000e-01	-4.52829e-02
9.00000e-02	1.80000e-01	-6.23933e-02
9.00000e-02	1.90000e-01	-7.58978e-02
9.00000e-02	2.00000e-01	-8.29194e-02
9.00000e-02	2.10000e-01	-8.03988e-02
9.00000e-02	2.20000e-01	-6.70891e-02
9.00000e-02	2.30000e-01	-4.75474e-02
9.00000e-02	2.40000e-01	-2.55630e-02
9.00000e-02	2.50000e-01	-3.35603e-03
9.00000e-02	2.60000e-01	1.65312e-02
9.00000e-02	2.70000e-01	2.98076e-02
9.00000e-02	2.80000e-01	3.26158e-02
9.00000e-02	2.90000e-01	2.72361e-02
9.00000e-02	3.00000e-01	1.71850e-02
9.00000e-02	3.10000e-01	5.96313e-03
9.00000e-02	3.20000e-01	-4.54154e-03
9.00000e-02	3.30000e-01	-1.34751e-02
9.00000e-02	3.40000e-01	-2.06327e-02
9.00000e-02	3.50000e-01	-2.61006e-02
9.00000e-02	3.60000e-01	-3.00497e-02
9.00000e-02	3.70000e-01	-3.26468e-02
9.00000e-02	3.80000e-01	-3.40285e-02
9.00000e-02	3.90000e-01	-3.43025e-02
9.00000e-02	4.00000e-01	-3.35565e-02
9.00000e-02	4.10000e-01	-3.18685e-02
9.00000e-02	4.20000e-01	-2.93183e-02
9.00000e-02	4.30000e-01	-2.60004e-02
9.00000e-02	4.40000e-01	-2.20389e-02
9.00000e-02	4.50000e-01	-1.76043e-02
9.00000e-02	4.60000e-01	-1.29333e-02
9.00000e-02	4.70000e-01	-8.34844e-03
9.00000e-02	4.80000e-01	-4.27672e-03
9.00000e-02	4.90000e-01	-1.26598e-03
9.00000e-02	5.00000e-01	-0.00000e+00

1.10000e-01	0.00000e+00	7.68944e-03
1.10000e-01	1.00000e-02	7.68944e-03
1.10000e-01	2.00000e-02	7.68945e-03
1.10000e-01	3.00000e-02	7.52606e-03
1.10000e-01	4.00000e-02	7.06713e-03
1.10000e-01	5.00000e-02	6.17326e-03
1.10000e-01	6.00000e-02	4.70438e-03
1.10000e-01	7.00000e-02	2.51245e-03
1.10000e-01	8.00000e-02	-5.69884e-04
1.10000e-01	9.00000e-02	-4.74061e-03
1.10000e-01	1.00000e-01	-1.02368e-02
1.10000e-01	1.10000e-01	-1.73354e-02
1.10000e-01	1.20000e-01	-2.63386e-02
1.10000e-01	1.30000e-01	-3.75294e-02
1.10000e-01	1.40000e-01	-5.10777e-02
1.10000e-01	1.50000e-01	-6.68848e-02
1.10000e-01	1.60000e-01	-8.41744e-02
1.10000e-01	1.70000e-01	-1.00503e-01
1.10000e-01	1.80000e-01	-1.13365e-01
1.10000e-01	1.90000e-01	-1.20685e-01
1.10000e-01	2.00000e-01	-1.19755e-01
1.10000e-01	2.10000e-01	-1.08060e-01
1.10000e-01	2.20000e-01	-8.51188e-02
1.10000e-01	2.30000e-01	-5.47788e-02
1.10000e-01	2.40000e-01	-2.13266e-02
1.10000e-01	2.50000e-01	1.17240e-02
1.10000e-01	2.60000e-01	4.06464e-02
1.10000e-01	2.70000e-01	6.10391e-02
1.10000e-01	2.80000e-01	6.99491e-02
1.10000e-01	2.90000e-01	6.89678e-02
1.10000e-01	3.00000e-01	6.11865e-02
1.10000e-01	3.10000e-01	4.94980e-02
1.10000e-01	3.20000e-01	3.71742e-02
1.10000e-01	3.30000e-01	2.57167e-02
1.10000e-01	3.40000e-01	1.57145e-02
1.10000e-01	3.50000e-01	7.33593e-03
1.10000e-01	3.60000e-01	5.21529e-04
1.10000e-01	3.70000e-01	-4.87976e-03
1.10000e-01	3.80000e-01	-9.03242e-03
1.10000e-01	3.90000e-01	-1.20778e-02
1.10000e-01	4.00000e-01	-1.41233e-02
1.10000e-01	4.10000e-01	-1.52453e-02
1.10000e-01	4.20000e-01	-1.54989e-02
1.10000e-01	4.30000e-01	-1.49314e-02
1.10000e-01	4.40000e-01	-1.35986e-02
1.10000e-01	4.50000e-01	-1.15862e-02
1.10000e-01	4.60000e-01	-9.03512e-03
1.10000e-01	4.70000e-01	-6.17256e-03
1.10000e-01	4.80000e-01	-3.34556e-03
1.10000e-01	4.90000e-01	-1.05667e-03
1.10000e-01	5.00000e-01	-0.00000e+00

1.30000e-01	0.00000e+00	-3.24952e-02
1.30000e-01	1.00000e-02	-3.24952e-02
1.30000e-01	2.00000e-02	-3.24952e-02
1.30000e-01	3.00000e-02	-3.28610e-02
1.30000e-01	4.00000e-02	-3.38274e-02
1.30000e-01	5.00000e-02	-3.55740e-02
1.30000e-01	6.00000e-02	-3.82612e-02
1.30000e-01	7.00000e-02	-4.20546e-02
1.30000e-01	8.00000e-02	-4.71394e-02
1.30000e-01	9.00000e-02	-5.37252e-02
1.30000e-01	1.00000e-01	-6.20397e-02
1.30000e-01	1.10000e-01	-7.23013e-02
1.30000e-01	1.20000e-01	-8.46616e-02
1.30000e-01	1.30000e-01	-9.91044e-02
1.30000e-01	1.40000e-01	-1.15281e-01
1.30000e-01	1.50000e-01	-1.31971e-01
1.30000e-01	1.60000e-01	-1.47468e-01
1.30000e-01	1.70000e-01	-1.60830e-01
1.30000e-01	1.80000e-01	-1.70614e-01
1.30000e-01	1.90000e-01	-1.74291e-01
1.30000e-01	2.00000e-01	-1.68411e-01
1.30000e-01	2.10000e-01	-1.48531e-01
1.30000e-01	2.20000e-01	-1.10848e-01
1.30000e-01	2.30000e-01	-6.36642e-02
1.30000e-01	2.40000e-01	-1.32742e-02
1.30000e-01	2.50000e-01	3.61599e-02
1.30000e-01	2.60000e-01	8.04634e-02
1.30000e-01	2.70000e-01	1.13803e-01
1.30000e-01	2.80000e-01	1.28660e-01
1.30000e-01	2.90000e-01	1.29864e-01
1.30000e-01	3.00000e-01	1.22517e-01
1.30000e-01	3.10000e-01	1.10254e-01
1.30000e-01	3.20000e-01	9.51822e-02
1.30000e-01	3.30000e-01	7.97052e-02
1.30000e-01	3.40000e-01	6.54915e-02
1.30000e-01	3.50000e-01	5.30021e-02
1.30000e-01	3.60000e-01	4.22482e-02
1.30000e-01	3.70000e-01	3.30581e-02
1.30000e-01	3.80000e-01	2.52213e-02
1.30000e-01	3.90000e-01	1.85534e-02
1.30000e-01	4.00000e-01	1.29163e-02
1.30000e-01	4.10000e-01	8.21759e-03
1.30000e-01	4.20000e-01	4.40286e-03
1.30000e-01	4.30000e-01	1.44572e-03
1.30000e-01	4.40000e-01	-6.64715e-04
1.30000e-01	4.50000e-01	-1.94092e-03
1.30000e-01	4.60000e-01	-2.42051e-03
1.30000e-01	4.70000e-01	-2.19784e-03
1.30000e-01	4.80000e-01	-1.46407e-03
1.30000e-01	4.90000e-01	-5.54474e-04
1.30000e-01	5.00000e-01	-0.00000e+00

1.50000e-01	0.00000e+00	-7.96021e-02
1.50000e-01	1.00000e-02	-7.96021e-02
1.50000e-01	2.00000e-02	-7.96021e-02
1.50000e-01	3.00000e-02	-8.04281e-02
1.50000e-01	4.00000e-02	-8.23152e-02
1.50000e-01	5.00000e-02	-8.53862e-02
1.50000e-01	6.00000e-02	-8.97533e-02
1.50000e-01	7.00000e-02	-9.55328e-02
1.50000e-01	8.00000e-02	-1.02834e-01
1.50000e-01	9.00000e-02	-1.11733e-01
1.50000e-01	1.00000e-01	-1.22231e-01
1.50000e-01	1.10000e-01	-1.34203e-01
1.50000e-01	1.20000e-01	-1.47330e-01
1.50000e-01	1.30000e-01	-1.61033e-01
1.50000e-01	1.40000e-01	-1.74407e-01
1.50000e-01	1.50000e-01	-1.87133e-01
1.50000e-01	1.60000e-01	-1.99112e-01
1.50000e-01	1.70000e-01	-2.09962e-01
1.50000e-01	1.80000e-01	-2.19280e-01
1.50000e-01	1.90000e-01	-2.26158e-01
1.50000e-01	2.00000e-01	-2.27220e-01
1.50000e-01	2.10000e-01	-2.10269e-01
1.50000e-01	2.20000e-01	-1.35216e-01
1.50000e-01	2.30000e-01	-6.66227e-02
1.50000e-01	2.40000e-01	-1.38698e-03
1.50000e-01	2.50000e-01	6.19318e-02
1.50000e-01	2.60000e-01	1.24647e-01
1.50000e-01	2.70000e-01	1.89590e-01
1.50000e-01	2.80000e-01	2.01345e-01
1.50000e-01	2.90000e-01	1.95448e-01
1.50000e-01	3.00000e-01	1.83620e-01
1.50000e-01	3.10000e-01	1.69454e-01
1.50000e-01	3.20000e-01	1.54215e-01
1.50000e-01	3.30000e-01	1.38170e-01
1.50000e-01	3.40000e-01	1.21596e-01
1.50000e-01	3.50000e-01	1.05465e-01
1.50000e-01	3.60000e-01	9.04187e-02
1.50000e-01	3.70000e-01	7.67368e-02
1.50000e-01	3.80000e-01	6.44683e-02
1.50000e-01	3.90000e-01	5.35326e-02
1.50000e-01	4.00000e-01	4.38001e-02
1.50000e-01	4.10000e-01	3.51447e-02
1.50000e-01	4.20000e-01	2.74711e-02
1.50000e-01	4.30000e-01	2.07250e-02
1.50000e-01	4.40000e-01	1.48921e-02
1.50000e-01	4.50000e-01	9.99054e-03
1.50000e-01	4.60000e-01	6.05716e-03
1.50000e-01	4.70000e-01	3.12655e-03
1.50000e-01	4.80000e-01	1.20219e-03
1.50000e-01	4.90000e-01	2.18655e-04
1.50000e-01	5.00000e-01	0.00000e+00

1.70000e-01	0.00000e+00	-1.24945e-01
1.70000e-01	1.00000e-02	-1.24945e-01
1.70000e-01	2.00000e-02	-1.24945e-01
1.70000e-01	3.00000e-02	-1.26173e-01
1.70000e-01	4.00000e-02	-1.28624e-01
1.70000e-01	5.00000e-02	-1.32227e-01
1.70000e-01	6.00000e-02	-1.36908e-01
1.70000e-01	7.00000e-02	-1.42566e-01
1.70000e-01	8.00000e-02	-1.49040e-01
1.70000e-01	9.00000e-02	-1.56086e-01
1.70000e-01	1.00000e-01	-1.63344e-01
1.70000e-01	1.10000e-01	-1.70322e-01
1.70000e-01	1.20000e-01	-1.76394e-01
1.70000e-01	1.30000e-01	-1.80841e-01
1.70000e-01	1.40000e-01	-1.83116e-01
1.70000e-01	1.50000e-01	-1.82240e-01
1.70000e-01	1.60000e-01	-1.76810e-01
1.70000e-01	1.70000e-01	-1.64786e-01
1.70000e-01	1.80000e-01	-1.43170e-01
1.70000e-01	1.90000e-01	-1.08005e-01
1.70000e-01	2.00000e-01	-5.65349e-02
1.70000e-01	2.10000e-01	-5.93459e-34
1.70000e-01	2.20000e-01	-3.18669e-34
1.70000e-01	2.30000e-01	-1.21066e-34
1.70000e-01	2.40000e-01	6.52574e-35
1.70000e-01	2.50000e-01	2.72994e-34
1.70000e-01	2.60000e-01	5.50137e-34
1.70000e-01	2.70000e-01	1.58819e-22
1.70000e-01	2.80000e-01	4.66992e-02
1.70000e-01	2.90000e-01	8.87558e-02
1.70000e-01	3.00000e-01	1.15998e-01
1.70000e-01	3.10000e-01	1.30701e-01
1.70000e-01	3.20000e-01	1.36487e-01
1.70000e-01	3.30000e-01	1.36113e-01
1.70000e-01	3.40000e-01	1.31478e-01
1.70000e-01	3.50000e-01	1.23699e-01
1.70000e-01	3.60000e-01	1.13826e-01
1.70000e-01	3.70000e-01	1.02785e-01
1.70000e-01	3.80000e-01	9.12635e-02
1.70000e-01	3.90000e-01	7.97324e-02
1.70000e-01	4.00000e-01	6.84936e-02
1.70000e-01	4.10000e-01	5.77314e-02
1.70000e-01	4.20000e-01	4.75588e-02
1.70000e-01	4.30000e-01	3.80561e-02
1.70000e-01	4.40000e-01	2.92984e-02
1.70000e-01	4.50000e-01	2.13764e-02
1.70000e-01	4.60000e-01	1.44111e-02
1.70000e-01	4.70000e-01	8.56358e-03
1.70000e-01	4.80000e-01	4.03914e-03
1.70000e-01	4.90000e-01	1.08700e-03
1.70000e-01	5.00000e-01	0.00000e+00

1.90000e-01	0.00000e+00	-1.56071e-01
1.90000e-01	1.00000e-02	-1.56071e-01
1.90000e-01	2.00000e-02	-1.56071e-01
1.90000e-01	3.00000e-02	-1.57115e-01
1.90000e-01	4.00000e-02	-1.58993e-01
1.90000e-01	5.00000e-02	-1.61497e-01
1.90000e-01	6.00000e-02	-1.64406e-01
1.90000e-01	7.00000e-02	-1.67462e-01
1.90000e-01	8.00000e-02	-1.70354e-01
1.90000e-01	9.00000e-02	-1.72704e-01
1.90000e-01	1.00000e-01	-1.74070e-01
1.90000e-01	1.10000e-01	-1.73950e-01
1.90000e-01	1.20000e-01	-1.71810e-01
1.90000e-01	1.30000e-01	-1.67111e-01
1.90000e-01	1.40000e-01	-1.59075e-01
1.90000e-01	1.50000e-01	-1.46721e-01
1.90000e-01	1.60000e-01	-1.28928e-01
1.90000e-01	1.70000e-01	-1.04735e-01
1.90000e-01	1.80000e-01	-7.42198e-02
1.90000e-01	1.90000e-01	-4.05839e-02
1.90000e-01	2.00000e-01	-1.23980e-02
1.90000e-01	2.10000e-01	-1.10324e-34
1.90000e-01	2.20000e-01	-7.53224e-35
1.90000e-01	2.30000e-01	-3.10444e-35
1.90000e-01	2.40000e-01	2.25363e-35
1.90000e-01	2.50000e-01	6.90135e-35
1.90000e-01	2.60000e-01	8.34901e-35
1.90000e-01	2.70000e-01	1.19114e-22
1.90000e-01	2.80000e-01	1.04871e-02
1.90000e-01	2.90000e-01	3.29847e-02
1.90000e-01	3.00000e-01	5.89139e-02
1.90000e-01	3.10000e-01	8.13138e-02
1.90000e-01	3.20000e-01	9.75673e-02
1.90000e-01	3.30000e-01	1.07718e-01
1.90000e-01	3.40000e-01	1.12702e-01
1.90000e-01	3.50000e-01	1.13480e-01
1.90000e-01	3.60000e-01	1.10833e-01
1.90000e-01	3.70000e-01	1.05474e-01
1.90000e-01	3.80000e-01	9.80930e-02
1.90000e-01	3.90000e-01	8.92983e-02
1.90000e-01	4.00000e-01	7.95972e-02
1.90000e-01	4.10000e-01	6.93960e-02
1.90000e-01	4.20000e-01	5.90144e-02
1.90000e-01	4.30000e-01	4.87075e-02
1.90000e-01	4.40000e-01	3.86913e-02
1.90000e-01	4.50000e-01	2.91720e-02
1.90000e-01	4.60000e-01	2.03785e-02
1.90000e-01	4.70000e-01	1.25998e-02
1.90000e-01	4.80000e-01	6.22422e-03
1.90000e-01	4.90000e-01	1.78312e-03
1.90000e-01	5.00000e-01	0.00000e+00

2.10000e-01	0.00000e+00	-1.64734e-01
2.10000e-01	1.00000e-02	-1.64734e-01
2.10000e-01	2.00000e-02	-1.64734e-01
2.10000e-01	3.00000e-02	-1.65051e-01
2.10000e-01	4.00000e-02	-1.65545e-01
2.10000e-01	5.00000e-02	-1.65996e-01
2.10000e-01	6.00000e-02	-1.66153e-01
2.10000e-01	7.00000e-02	-1.65738e-01
2.10000e-01	8.00000e-02	-1.64442e-01
2.10000e-01	9.00000e-02	-1.61923e-01
2.10000e-01	1.00000e-01	-1.57816e-01
2.10000e-01	1.10000e-01	-1.51731e-01
2.10000e-01	1.20000e-01	-1.43252e-01
2.10000e-01	1.30000e-01	-1.31904e-01
2.10000e-01	1.40000e-01	-1.17281e-01
2.10000e-01	1.50000e-01	-9.92234e-02
2.10000e-01	1.60000e-01	-7.81262e-02
2.10000e-01	1.70000e-01	-5.52644e-02
2.10000e-01	1.80000e-01	-3.30533e-02
2.10000e-01	1.90000e-01	-1.47506e-02
2.10000e-01	2.00000e-01	-3.39560e-03
2.10000e-01	2.10000e-01	-4.41947e-35
2.10000e-01	2.20000e-01	-2.25280e-35
2.10000e-01	2.30000e-01	-8.88009e-36
2.10000e-01	2.40000e-01	7.59110e-36
2.10000e-01	2.50000e-01	2.15247e-35
2.10000e-01	2.60000e-01	3.28064e-35
2.10000e-01	2.70000e-01	-1.25731e-22
2.10000e-01	2.80000e-01	3.50058e-03
2.10000e-01	2.90000e-01	1.31922e-02
2.10000e-01	3.00000e-01	2.77824e-02
2.10000e-01	3.10000e-01	4.44834e-02
2.10000e-01	3.20000e-01	6.05362e-02
2.10000e-01	3.30000e-01	7.39638e-02
2.10000e-01	3.40000e-01	8.37773e-02
2.10000e-01	3.50000e-01	8.98618e-02
2.10000e-01	3.60000e-01	9.25063e-02
2.10000e-01	3.70000e-01	9.21209e-02
2.10000e-01	3.80000e-01	8.91536e-02
2.10000e-01	3.90000e-01	8.40681e-02
2.10000e-01	4.00000e-01	7.73164e-02
2.10000e-01	4.10000e-01	6.93187e-02
2.10000e-01	4.20000e-01	6.04520e-02
2.10000e-01	4.30000e-01	5.10517e-02
2.10000e-01	4.40000e-01	4.14221e-02
2.10000e-01	4.50000e-01	3.18592e-02
2.10000e-01	4.60000e-01	2.26843e-02
2.10000e-01	4.70000e-01	1.42895e-02
2.10000e-01	4.80000e-01	7.19348e-03
2.10000e-01	4.90000e-01	2.10576e-03
2.10000e-01	5.00000e-01	0.00000e+00

2.30000e-01	0.00000e+00	-1.51776e-01
2.30000e-01	1.00000e-02	-1.51776e-01
2.30000e-01	2.00000e-02	-1.51776e-01
2.30000e-01	3.00000e-02	-1.51280e-01
2.30000e-01	4.00000e-02	-1.50327e-01
2.30000e-01	5.00000e-02	-1.48779e-01
2.30000e-01	6.00000e-02	-1.46444e-01
2.30000e-01	7.00000e-02	-1.43112e-01
2.30000e-01	8.00000e-02	-1.38562e-01
2.30000e-01	9.00000e-02	-1.32574e-01
2.30000e-01	1.00000e-01	-1.24946e-01
2.30000e-01	1.10000e-01	-1.15508e-01
2.30000e-01	1.20000e-01	-1.04158e-01
2.30000e-01	1.30000e-01	-9.09281e-02
2.30000e-01	1.40000e-01	-7.60556e-02
2.30000e-01	1.50000e-01	-6.00785e-02
2.30000e-01	1.60000e-01	-4.38853e-02
2.30000e-01	1.70000e-01	-2.87180e-02
2.30000e-01	1.80000e-01	-1.60073e-02
2.30000e-01	1.90000e-01	-6.96815e-03
2.30000e-01	2.00000e-01	-1.91089e-03
2.30000e-01	2.10000e-01	-1.03145e-34
2.30000e-01	2.20000e-01	3.68810e-35
2.30000e-01	2.30000e-01	3.04342e-36
2.30000e-01	2.40000e-01	5.13294e-36
2.30000e-01	2.50000e-01	-1.18590e-35
2.30000e-01	2.60000e-01	7.29997e-35
2.30000e-01	2.70000e-01	2.66225e-03
2.30000e-01	2.80000e-01	4.74635e-03
2.30000e-01	2.90000e-01	8.87556e-03
2.30000e-01	3.00000e-01	1.59531e-02
2.30000e-01	3.10000e-01	2.55116e-02
2.30000e-01	3.20000e-01	3.63000e-02
2.30000e-01	3.30000e-01	4.69566e-02
2.30000e-01	3.40000e-01	5.63839e-02
2.30000e-01	3.50000e-01	6.38249e-02
2.30000e-01	3.60000e-01	6.88967e-02
2.30000e-01	3.70000e-01	7.15058e-02
2.30000e-01	3.80000e-01	7.17466e-02
2.30000e-01	3.90000e-01	6.98284e-02
2.30000e-01	4.00000e-01	6.60278e-02
2.30000e-01	4.10000e-01	6.06543e-02
2.30000e-01	4.20000e-01	5.40279e-02
2.30000e-01	4.30000e-01	4.64678e-02
2.30000e-01	4.40000e-01	3.82925e-02
2.30000e-01	4.50000e-01	2.98337e-02
2.30000e-01	4.60000e-01	2.14622e-02
2.30000e-01	4.70000e-01	1.36253e-02
2.30000e-01	4.80000e-01	6.89499e-03
2.30000e-01	4.90000e-01	2.02306e-03
2.30000e-01	5.00000e-01	0.00000e+00

2.50000e-01	0.00000e+00	-1.24812e-01
2.50000e-01	1.00000e-02	-1.24812e-01
2.50000e-01	2.00000e-02	-1.24812e-01
2.50000e-01	3.00000e-02	-1.23830e-01
2.50000e-01	4.00000e-02	-1.21963e-01
2.50000e-01	5.00000e-02	-1.19196e-01
2.50000e-01	6.00000e-02	-1.15451e-01
2.50000e-01	7.00000e-02	-1.10631e-01
2.50000e-01	8.00000e-02	-1.04649e-01
2.50000e-01	9.00000e-02	-9.74495e-02
2.50000e-01	1.00000e-01	-8.90206e-02
2.50000e-01	1.10000e-01	-7.94231e-02
2.50000e-01	1.20000e-01	-6.88167e-02
2.50000e-01	1.30000e-01	-5.74938e-02
2.50000e-01	1.40000e-01	-4.59027e-02
2.50000e-01	1.50000e-01	-3.46526e-02
2.50000e-01	1.60000e-01	-2.44742e-02
2.50000e-01	1.70000e-01	-1.61258e-02
2.50000e-01	1.80000e-01	-1.02194e-02
2.50000e-01	1.90000e-01	-6.96826e-03
2.50000e-01	2.00000e-01	-5.85730e-03
2.50000e-01	2.10000e-01	-5.19416e-03
2.50000e-01	2.20000e-01	-1.01776e-03
2.50000e-01	2.30000e-01	2.28677e-03
2.50000e-01	2.40000e-01	5.07950e-03
2.50000e-01	2.50000e-01	7.60277e-03
2.50000e-01	2.60000e-01	1.00480e-02
2.50000e-01	2.70000e-01	9.92865e-03
2.50000e-01	2.80000e-01	9.45768e-03
2.50000e-01	2.90000e-01	1.00596e-02
2.50000e-01	3.00000e-01	1.24835e-02
2.50000e-01	3.10000e-01	1.68442e-02
2.50000e-01	3.20000e-01	2.27390e-02
2.50000e-01	3.30000e-01	2.94699e-02
2.50000e-01	3.40000e-01	3.62621e-02
2.50000e-01	3.50000e-01	4.24098e-02
2.50000e-01	3.60000e-01	4.73726e-02
2.50000e-01	3.70000e-01	5.08040e-02
2.50000e-01	3.80000e-01	5.25322e-02
2.50000e-01	3.90000e-01	5.25268e-02
2.50000e-01	4.00000e-01	5.08639e-02
2.50000e-01	4.10000e-01	4.76958e-02
2.50000e-01	4.20000e-01	4.32278e-02
2.50000e-01	4.30000e-01	3.77037e-02
2.50000e-01	4.40000e-01	3.14012e-02
2.50000e-01	4.50000e-01	2.46375e-02
2.50000e-01	4.60000e-01	1.77830e-02
2.50000e-01	4.70000e-01	1.12826e-02
2.50000e-01	4.80000e-01	5.68081e-03
2.50000e-01	4.90000e-01	1.64717e-03
2.50000e-01	5.00000e-01	0.00000e+00

2.70000e-01	0.00000e+00	-9.27304e-02
2.70000e-01	1.00000e-02	-9.27304e-02
2.70000e-01	2.00000e-02	-9.27305e-02
2.70000e-01	3.00000e-02	-9.16858e-02
2.70000e-01	4.00000e-02	-8.96072e-02
2.70000e-01	5.00000e-02	-8.65568e-02
2.70000e-01	6.00000e-02	-8.25604e-02
2.70000e-01	7.00000e-02	-7.76327e-02
2.70000e-01	8.00000e-02	-7.18025e-02
2.70000e-01	9.00000e-02	-6.51313e-02
2.70000e-01	1.00000e-01	-5.77282e-02
2.70000e-01	1.10000e-01	-4.97629e-02
2.70000e-01	1.20000e-01	-4.14748e-02
2.70000e-01	1.30000e-01	-3.31756e-02
2.70000e-01	1.40000e-01	-2.52379e-02
2.70000e-01	1.50000e-01	-1.80645e-02
2.70000e-01	1.60000e-01	-1.20323e-02
2.70000e-01	1.70000e-01	-7.41414e-03
2.70000e-01	1.80000e-01	-4.28438e-03
2.70000e-01	1.90000e-01	-2.42988e-03
2.70000e-01	2.00000e-01	-1.29635e-03
2.70000e-01	2.10000e-01	-3.68760e-05
2.70000e-01	2.20000e-01	2.13653e-03
2.70000e-01	2.30000e-01	4.49018e-03
2.70000e-01	2.40000e-01	6.67432e-03
2.70000e-01	2.50000e-01	8.46705e-03
2.70000e-01	2.60000e-01	9.62261e-03
2.70000e-01	2.70000e-01	9.73213e-03
2.70000e-01	2.80000e-01	9.35587e-03
2.70000e-01	2.90000e-01	9.20093e-03
2.70000e-01	3.00000e-01	9.82711e-03
2.70000e-01	3.10000e-01	1.15337e-02
2.70000e-01	3.20000e-01	1.43348e-02
2.70000e-01	3.30000e-01	1.80023e-02
2.70000e-01	3.40000e-01	2.21498e-02
2.70000e-01	3.50000e-01	2.63261e-02
2.70000e-01	3.60000e-01	3.00978e-02
2.70000e-01	3.70000e-01	3.31057e-02
2.70000e-01	3.80000e-01	3.50905e-02
2.70000e-01	3.90000e-01	3.58976e-02
2.70000e-01	4.00000e-01	3.54692e-02
2.70000e-01	4.10000e-01	3.38308e-02
2.70000e-01	4.20000e-01	3.10791e-02
2.70000e-01	4.30000e-01	2.73721e-02
2.70000e-01	4.40000e-01	2.29244e-02
2.70000e-01	4.50000e-01	1.80072e-02
2.70000e-01	4.60000e-01	1.29503e-02
2.70000e-01	4.70000e-01	8.14403e-03
2.70000e-01	4.80000e-01	4.03898e-03
2.70000e-01	4.90000e-01	1.14094e-03
2.70000e-01	5.00000e-01	0.00000e+00

2.90000e-01	0.00000e+00	-6.21729e-02
2.90000e-01	1.00000e-02	-6.21729e-02
2.90000e-01	2.00000e-02	-6.21730e-02
2.90000e-01	3.00000e-02	-6.13453e-02
2.90000e-01	4.00000e-02	-5.95848e-02
2.90000e-01	5.00000e-02	-5.69456e-02
2.90000e-01	6.00000e-02	-5.35048e-02
2.90000e-01	7.00000e-02	-4.93439e-02
2.90000e-01	8.00000e-02	-4.45566e-02
2.90000e-01	9.00000e-02	-3.92591e-02
2.90000e-01	1.00000e-01	-3.35978e-02
2.90000e-01	1.10000e-01	-2.77516e-02
2.90000e-01	1.20000e-01	-2.19298e-02
2.90000e-01	1.30000e-01	-1.63620e-02
2.90000e-01	1.40000e-01	-1.12805e-02
2.90000e-01	1.50000e-01	-6.89228e-03
2.90000e-01	1.60000e-01	-3.34621e-03
2.90000e-01	1.70000e-01	-6.97856e-04
2.90000e-01	1.80000e-01	1.11716e-03
2.90000e-01	1.90000e-01	2.29113e-03
2.90000e-01	2.00000e-01	3.11897e-03
2.90000e-01	2.10000e-01	3.92090e-03
2.90000e-01	2.20000e-01	4.89435e-03
2.90000e-01	2.30000e-01	5.93613e-03
2.90000e-01	2.40000e-01	6.87485e-03
2.90000e-01	2.50000e-01	7.54201e-03
2.90000e-01	2.60000e-01	7.80064e-03
2.90000e-01	2.70000e-01	7.59689e-03
2.90000e-01	2.80000e-01	7.10729e-03
2.90000e-01	2.90000e-01	6.63106e-03
2.90000e-01	3.00000e-01	6.47512e-03
2.90000e-01	3.10000e-01	6.87249e-03
2.90000e-01	3.20000e-01	7.93475e-03
2.90000e-01	3.30000e-01	9.63748e-03
2.90000e-01	3.40000e-01	1.18349e-02
2.90000e-01	3.50000e-01	1.42951e-02
2.90000e-01	3.60000e-01	1.67461e-02
2.90000e-01	3.70000e-01	1.89183e-02
2.90000e-01	3.80000e-01	2.05777e-02
2.90000e-01	3.90000e-01	2.15464e-02
2.90000e-01	4.00000e-01	2.17124e-02
2.90000e-01	4.10000e-01	2.10325e-02
2.90000e-01	4.20000e-01	1.95317e-02
2.90000e-01	4.30000e-01	1.73000e-02
2.90000e-01	4.40000e-01	1.44908e-02
2.90000e-01	4.50000e-01	1.13153e-02
2.90000e-01	4.60000e-01	8.03591e-03
2.90000e-01	4.70000e-01	4.95249e-03
2.90000e-01	4.80000e-01	2.38352e-03
2.90000e-01	4.90000e-01	6.40832e-04
2.90000e-01	5.00000e-01	0.00000e+00

3.10000e-01	0.00000e+00	-3.68077e-02
3.10000e-01	1.00000e-02	-3.68077e-02
3.10000e-01	2.00000e-02	-3.68078e-02
3.10000e-01	3.00000e-02	-3.62743e-02
3.10000e-01	4.00000e-02	-3.50502e-02
3.10000e-01	5.00000e-02	-3.31420e-02
3.10000e-01	6.00000e-02	-3.06185e-02
3.10000e-01	7.00000e-02	-2.75734e-02
3.10000e-01	8.00000e-02	-2.41151e-02
3.10000e-01	9.00000e-02	-2.03655e-02
3.10000e-01	1.00000e-01	-1.64596e-02
3.10000e-01	1.10000e-01	-1.25431e-02
3.10000e-01	1.20000e-01	-8.76692e-03
3.10000e-01	1.30000e-01	-5.27716e-03
3.10000e-01	1.40000e-01	-2.20283e-03
3.10000e-01	1.50000e-01	3.58960e-04
3.10000e-01	1.60000e-01	2.35689e-03
3.10000e-01	1.70000e-01	3.79545e-03
3.10000e-01	1.80000e-01	4.73721e-03
3.10000e-01	1.90000e-01	5.29394e-03
3.10000e-01	2.00000e-01	5.60381e-03
3.10000e-01	2.10000e-01	5.79463e-03
3.10000e-01	2.20000e-01	5.93985e-03
3.10000e-01	2.30000e-01	6.03176e-03
3.10000e-01	2.40000e-01	6.01458e-03
3.10000e-01	2.50000e-01	5.82044e-03
3.10000e-01	2.60000e-01	5.40100e-03
3.10000e-01	2.70000e-01	4.75840e-03
3.10000e-01	2.80000e-01	3.97126e-03
3.10000e-01	2.90000e-01	3.17792e-03
3.10000e-01	3.00000e-01	2.54048e-03
3.10000e-01	3.10000e-01	2.20697e-03
3.10000e-01	3.20000e-01	2.28015e-03
3.10000e-01	3.30000e-01	2.79714e-03
3.10000e-01	3.40000e-01	3.72282e-03
3.10000e-01	3.50000e-01	4.95681e-03
3.10000e-01	3.60000e-01	6.35138e-03
3.10000e-01	3.70000e-01	7.73528e-03
3.10000e-01	3.80000e-01	8.93786e-03
3.10000e-01	3.90000e-01	9.80990e-03
3.10000e-01	4.00000e-01	1.02393e-02
3.10000e-01	4.10000e-01	1.01618e-02
3.10000e-01	4.20000e-01	9.56733e-03
3.10000e-01	4.30000e-01	8.50225e-03
3.10000e-01	4.40000e-01	7.06768e-03
3.10000e-01	4.50000e-01	5.41207e-03
3.10000e-01	4.60000e-01	3.71719e-03
3.10000e-01	4.70000e-01	2.17689e-03
3.10000e-01	4.80000e-01	9.69518e-04
3.10000e-01	4.90000e-01	2.26409e-04
3.10000e-01	5.00000e-01	0.00000e+00

3.30000e-01	0.00000e+00	-1.79731e-02
3.30000e-01	1.00000e-02	-1.79731e-02
3.30000e-01	2.00000e-02	-1.79731e-02
3.30000e-01	3.00000e-02	-1.76839e-02
3.30000e-01	4.00000e-02	-1.69640e-02
3.30000e-01	5.00000e-02	-1.57853e-02
3.30000e-01	6.00000e-02	-1.41841e-02
3.30000e-01	7.00000e-02	-1.22312e-02
3.30000e-01	8.00000e-02	-1.00158e-02
3.30000e-01	9.00000e-02	-7.63786e-03
3.30000e-01	1.00000e-01	-5.20249e-03
3.30000e-01	1.10000e-01	-2.81531e-03
3.30000e-01	1.20000e-01	-5.76967e-04
3.30000e-01	1.30000e-01	1.42319e-03
3.30000e-01	1.40000e-01	3.11387e-03
3.30000e-01	1.50000e-01	4.44807e-03
3.30000e-01	1.60000e-01	5.40749e-03
3.30000e-01	1.70000e-01	6.00382e-03
3.30000e-01	1.80000e-01	6.27580e-03
3.30000e-01	1.90000e-01	6.28151e-03
3.30000e-01	2.00000e-01	6.08619e-03
3.30000e-01	2.10000e-01	5.74731e-03
3.30000e-01	2.20000e-01	5.30115e-03
3.30000e-01	2.30000e-01	4.75706e-03
3.30000e-01	2.40000e-01	4.10475e-03
3.30000e-01	2.50000e-01	3.32799e-03
3.30000e-01	2.60000e-01	2.41994e-03
3.30000e-01	2.70000e-01	1.39699e-03
3.30000e-01	2.80000e-01	3.06976e-04
3.30000e-01	2.90000e-01	-7.73609e-04
3.30000e-01	3.00000e-01	-1.75121e-03
3.30000e-01	3.10000e-01	-2.53133e-03
3.30000e-01	3.20000e-01	-3.03531e-03
3.30000e-01	3.30000e-01	-3.21477e-03
3.30000e-01	3.40000e-01	-3.06084e-03
3.30000e-01	3.50000e-01	-2.60671e-03
3.30000e-01	3.60000e-01	-1.92293e-03
3.30000e-01	3.70000e-01	-1.10664e-03
3.30000e-01	3.80000e-01	-2.67245e-04
3.30000e-01	3.90000e-01	4.89044e-04
3.30000e-01	4.00000e-01	1.07359e-03
3.30000e-01	4.10000e-01	1.42715e-03
3.30000e-01	4.20000e-01	1.52797e-03
3.30000e-01	4.30000e-01	1.39529e-03
3.30000e-01	4.40000e-01	1.08699e-03
3.30000e-01	4.50000e-01	6.90428e-04
3.30000e-01	4.60000e-01	3.06058e-04
3.30000e-01	4.70000e-01	2.47439e-05
3.30000e-01	4.80000e-01	-9.90599e-05
3.30000e-01	4.90000e-01	-7.47748e-05
3.30000e-01	5.00000e-01	-0.00000e+00

3.50000e-01	0.00000e+00	-5.52746e-03
3.50000e-01	1.00000e-02	-5.52746e-03
3.50000e-01	2.00000e-02	-5.52749e-03
3.50000e-01	3.00000e-02	-5.39739e-03
3.50000e-01	4.00000e-02	-5.04084e-03
3.50000e-01	5.00000e-02	-4.42253e-03
3.50000e-01	6.00000e-02	-3.55287e-03
3.50000e-01	7.00000e-02	-2.47262e-03
3.50000e-01	8.00000e-02	-1.24095e-03
3.50000e-01	9.00000e-02	7.31472e-05
3.50000e-01	1.00000e-01	1.39720e-03
3.50000e-01	1.10000e-01	2.66031e-03
3.50000e-01	1.20000e-01	3.79766e-03
3.50000e-01	1.30000e-01	4.75446e-03
3.50000e-01	1.40000e-01	5.48940e-03
3.50000e-01	1.50000e-01	5.97698e-03
3.50000e-01	1.60000e-01	6.20857e-03
3.50000e-01	1.70000e-01	6.19157e-03
3.50000e-01	1.80000e-01	5.94670e-03
3.50000e-01	1.90000e-01	5.50339e-03
3.50000e-01	2.00000e-01	4.89400e-03
3.50000e-01	2.10000e-01	4.14780e-03
3.50000e-01	2.20000e-01	3.28642e-03
3.50000e-01	2.30000e-01	2.32238e-03
3.50000e-01	2.40000e-01	1.26161e-03
3.50000e-01	2.50000e-01	1.08849e-04
3.50000e-01	2.60000e-01	-1.12571e-03
3.50000e-01	2.70000e-01	-2.42038e-03
3.50000e-01	2.80000e-01	-3.73831e-03
3.50000e-01	2.90000e-01	-5.02778e-03
3.50000e-01	3.00000e-01	-6.22630e-03
3.50000e-01	3.10000e-01	-7.26780e-03
3.50000e-01	3.20000e-01	-8.09142e-03
3.50000e-01	3.30000e-01	-8.65046e-03
3.50000e-01	3.40000e-01	-8.91974e-03
3.50000e-01	3.50000e-01	-8.89991e-03
3.50000e-01	3.60000e-01	-8.61771e-03
3.50000e-01	3.70000e-01	-8.12193e-03
3.50000e-01	3.80000e-01	-7.47574e-03
3.50000e-01	3.90000e-01	-6.74683e-03
3.50000e-01	4.00000e-01	-5.99684e-03
3.50000e-01	4.10000e-01	-5.27202e-03
3.50000e-01	4.20000e-01	-4.59671e-03
3.50000e-01	4.30000e-01	-3.97111e-03
3.50000e-01	4.40000e-01	-3.37465e-03
3.50000e-01	4.50000e-01	-2.77557e-03
3.50000e-01	4.60000e-01	-2.14610e-03
3.50000e-01	4.70000e-01	-1.48176e-03
3.50000e-01	4.80000e-01	-8.21908e-04
3.50000e-01	4.90000e-01	-2.68463e-04
3.50000e-01	5.00000e-01	-0.00000e+00

3.70000e-01	0.00000e+00	1.47450e-03
3.70000e-01	1.00000e-02	1.47450e-03
3.70000e-01	2.00000e-02	1.47448e-03
3.70000e-01	3.00000e-02	1.51629e-03
3.70000e-01	4.00000e-02	1.65206e-03
3.70000e-01	5.00000e-02	1.90761e-03
3.70000e-01	6.00000e-02	2.28343e-03
3.70000e-01	7.00000e-02	2.75989e-03
3.70000e-01	8.00000e-02	3.30336e-03
3.70000e-01	9.00000e-02	3.87203e-03
3.70000e-01	1.00000e-01	4.42082e-03
3.70000e-01	1.10000e-01	4.90545e-03
3.70000e-01	1.20000e-01	5.28576e-03
3.70000e-01	1.30000e-01	5.52833e-03
3.70000e-01	1.40000e-01	5.60836e-03
3.70000e-01	1.50000e-01	5.51064e-03
3.70000e-01	1.60000e-01	5.22972e-03
3.70000e-01	1.70000e-01	4.76901e-03
3.70000e-01	1.80000e-01	4.13912e-03
3.70000e-01	1.90000e-01	3.35544e-03
3.70000e-01	2.00000e-01	2.43547e-03
3.70000e-01	2.10000e-01	1.39637e-03
3.70000e-01	2.20000e-01	2.53278e-04
3.70000e-01	2.30000e-01	-9.80980e-04
3.70000e-01	2.40000e-01	-2.29477e-03
3.70000e-01	2.50000e-01	-3.67525e-03
3.70000e-01	2.60000e-01	-5.10545e-03
3.70000e-01	2.70000e-01	-6.56148e-03
3.70000e-01	2.80000e-01	-8.01080e-03
3.70000e-01	2.90000e-01	-9.41213e-03
3.70000e-01	3.00000e-01	-1.07172e-02
3.70000e-01	3.10000e-01	-1.18744e-02
3.70000e-01	3.20000e-01	-1.28335e-02
3.70000e-01	3.30000e-01	-1.35514e-02
3.70000e-01	3.40000e-01	-1.39970e-02
3.70000e-01	3.50000e-01	-1.41555e-02
3.70000e-01	3.60000e-01	-1.40298e-02
3.70000e-01	3.70000e-01	-1.36394e-02
3.70000e-01	3.80000e-01	-1.30170e-02
3.70000e-01	3.90000e-01	-1.22025e-02
3.70000e-01	4.00000e-01	-1.12368e-02
3.70000e-01	4.10000e-01	-1.01555e-02
3.70000e-01	4.20000e-01	-8.98526e-03
3.70000e-01	4.30000e-01	-7.74361e-03
3.70000e-01	4.40000e-01	-6.44263e-03
3.70000e-01	4.50000e-01	-5.09748e-03
3.70000e-01	4.60000e-01	-3.73825e-03
3.70000e-01	4.70000e-01	-2.42337e-03
3.70000e-01	4.80000e-01	-1.25236e-03
3.70000e-01	4.90000e-01	-3.75582e-04
3.70000e-01	5.00000e-01	-0.00000e+00

3.90000e-01	0.00000e+00	4.29262e-03
3.90000e-01	1.00000e-02	4.29262e-03
3.90000e-01	2.00000e-02	4.29261e-03
3.90000e-01	3.00000e-02	4.29153e-03
3.90000e-01	4.00000e-02	4.30958e-03
3.90000e-01	5.00000e-02	4.35880e-03
3.90000e-01	6.00000e-02	4.44021e-03
3.90000e-01	7.00000e-02	4.54436e-03
3.90000e-01	8.00000e-02	4.65346e-03
3.90000e-01	9.00000e-02	4.74428e-03
3.90000e-01	1.00000e-01	4.79103e-03
3.90000e-01	1.10000e-01	4.76797e-03
3.90000e-01	1.20000e-01	4.65161e-03
3.90000e-01	1.30000e-01	4.42237e-03
3.90000e-01	1.40000e-01	4.06573e-03
3.90000e-01	1.50000e-01	3.57277e-03
3.90000e-01	1.60000e-01	2.94020e-03
3.90000e-01	1.70000e-01	2.16989e-03
3.90000e-01	1.80000e-01	1.26796e-03
3.90000e-01	1.90000e-01	2.43663e-04
3.90000e-01	2.00000e-01	-8.91812e-04
3.90000e-01	2.10000e-01	-2.12631e-03
3.90000e-01	2.20000e-01	-3.44728e-03
3.90000e-01	2.30000e-01	-4.84177e-03
3.90000e-01	2.40000e-01	-6.29572e-03
3.90000e-01	2.50000e-01	-7.79285e-03
3.90000e-01	2.60000e-01	-9.31317e-03
3.90000e-01	2.70000e-01	-1.08317e-02
3.90000e-01	2.80000e-01	-1.23178e-02
3.90000e-01	2.90000e-01	-1.37347e-02
3.90000e-01	3.00000e-01	-1.50410e-02
3.90000e-01	3.10000e-01	-1.61927e-02
3.90000e-01	3.20000e-01	-1.71459e-02
3.90000e-01	3.30000e-01	-1.78605e-02
3.90000e-01	3.40000e-01	-1.83042e-02
3.90000e-01	3.50000e-01	-1.84551e-02
3.90000e-01	3.60000e-01	-1.83039e-02
3.90000e-01	3.70000e-01	-1.78541e-02
3.90000e-01	3.80000e-01	-1.71206e-02
3.90000e-01	3.90000e-01	-1.61270e-02
3.90000e-01	4.00000e-01	-1.49022e-02
3.90000e-01	4.10000e-01	-1.34773e-02
3.90000e-01	4.20000e-01	-1.18846e-02
3.90000e-01	4.30000e-01	-1.01579e-02
3.90000e-01	4.40000e-01	-8.33665e-03
3.90000e-01	4.50000e-01	-6.47204e-03
3.90000e-01	4.60000e-01	-4.63439e-03
3.90000e-01	4.70000e-01	-2.92082e-03
3.90000e-01	4.80000e-01	-1.46100e-03
3.90000e-01	4.90000e-01	-4.20204e-04
3.90000e-01	5.00000e-01	-0.00000e+00

4.10000e-01	0.00000e+00	4.17917e-03
4.10000e-01	1.00000e-02	4.17917e-03
4.10000e-01	2.00000e-02	4.17916e-03
4.10000e-01	3.00000e-02	4.16021e-03
4.10000e-01	4.00000e-02	4.12282e-03
4.10000e-01	5.00000e-02	4.06727e-03
4.10000e-01	6.00000e-02	3.99091e-03
4.10000e-01	7.00000e-02	3.88724e-03
4.10000e-01	8.00000e-02	3.74615e-03
4.10000e-01	9.00000e-02	3.55492e-03
4.10000e-01	1.00000e-01	3.29952e-03
4.10000e-01	1.10000e-01	2.96600e-03
4.10000e-01	1.20000e-01	2.54166e-03
4.10000e-01	1.30000e-01	2.01608e-03
4.10000e-01	1.40000e-01	1.38173e-03
4.10000e-01	1.50000e-01	6.34383e-04
4.10000e-01	1.60000e-01	-2.26846e-04
4.10000e-01	1.70000e-01	-1.19968e-03
4.10000e-01	1.80000e-01	-2.27906e-03
4.10000e-01	1.90000e-01	-3.45761e-03
4.10000e-01	2.00000e-01	-4.72613e-03
4.10000e-01	2.10000e-01	-6.07388e-03
4.10000e-01	2.20000e-01	-7.48874e-03
4.10000e-01	2.30000e-01	-8.95705e-03
4.10000e-01	2.40000e-01	-1.04632e-02
4.10000e-01	2.50000e-01	-1.19888e-02
4.10000e-01	2.60000e-01	-1.35123e-02
4.10000e-01	2.70000e-01	-1.50079e-02
4.10000e-01	2.80000e-01	-1.64458e-02
4.10000e-01	2.90000e-01	-1.77916e-02
4.10000e-01	3.00000e-01	-1.90076e-02
4.10000e-01	3.10000e-01	-2.00543e-02
4.10000e-01	3.20000e-01	-2.08921e-02
4.10000e-01	3.30000e-01	-2.14842e-02
4.10000e-01	3.40000e-01	-2.17988e-02
4.10000e-01	3.50000e-01	-2.18123e-02
4.10000e-01	3.60000e-01	-2.15105e-02
4.10000e-01	3.70000e-01	-2.08898e-02
4.10000e-01	3.80000e-01	-1.99571e-02
4.10000e-01	3.90000e-01	-1.87290e-02
4.10000e-01	4.00000e-01	-1.72305e-02
4.10000e-01	4.10000e-01	-1.54940e-02
4.10000e-01	4.20000e-01	-1.35596e-02
4.10000e-01	4.30000e-01	-1.14760e-02
4.10000e-01	4.40000e-01	-9.30323e-03
4.10000e-01	4.50000e-01	-7.11643e-03
4.10000e-01	4.60000e-01	-5.00919e-03
4.10000e-01	4.70000e-01	-3.09637e-03
4.10000e-01	4.80000e-01	-1.51502e-03
4.10000e-01	4.90000e-01	-4.23525e-04
4.10000e-01	5.00000e-01	-0.00000e+00

4.30000e-01	0.00000e+00	2.20661e-03
4.30000e-01	1.00000e-02	2.20661e-03
4.30000e-01	2.00000e-02	2.20661e-03
4.30000e-01	3.00000e-02	2.18196e-03
4.30000e-01	4.00000e-02	2.12221e-03
4.30000e-01	5.00000e-02	2.01953e-03
4.30000e-01	6.00000e-02	1.86709e-03
4.30000e-01	7.00000e-02	1.65802e-03
4.30000e-01	8.00000e-02	1.38502e-03
4.30000e-01	9.00000e-02	1.04046e-03
4.30000e-01	1.00000e-01	6.16722e-04
4.30000e-01	1.10000e-01	1.06739e-04
4.30000e-01	1.20000e-01	-4.95493e-04
4.30000e-01	1.30000e-01	-1.19444e-03
4.30000e-01	1.40000e-01	-1.99269e-03
4.30000e-01	1.50000e-01	-2.89072e-03
4.30000e-01	1.60000e-01	-3.88687e-03
4.30000e-01	1.70000e-01	-4.97732e-03
4.30000e-01	1.80000e-01	-6.15623e-03
4.30000e-01	1.90000e-01	-7.41591e-03
4.30000e-01	2.00000e-01	-8.74690e-03
4.30000e-01	2.10000e-01	-1.01380e-02
4.30000e-01	2.20000e-01	-1.15764e-02
4.30000e-01	2.30000e-01	-1.30471e-02
4.30000e-01	2.40000e-01	-1.45331e-02
4.30000e-01	2.50000e-01	-1.60144e-02
4.30000e-01	2.60000e-01	-1.74684e-02
4.30000e-01	2.70000e-01	-1.88688e-02
4.30000e-01	2.80000e-01	-2.01862e-02
4.30000e-01	2.90000e-01	-2.13880e-02
4.30000e-01	3.00000e-01	-2.24391e-02
4.30000e-01	3.10000e-01	-2.33036e-02
4.30000e-01	3.20000e-01	-2.39455e-02
4.30000e-01	3.30000e-01	-2.43315e-02
4.30000e-01	3.40000e-01	-2.44328e-02
4.30000e-01	3.50000e-01	-2.42270e-02
4.30000e-01	3.60000e-01	-2.37001e-02
4.30000e-01	3.70000e-01	-2.28476e-02
4.30000e-01	3.80000e-01	-2.16751e-02
4.30000e-01	3.90000e-01	-2.01989e-02
4.30000e-01	4.00000e-01	-1.84457e-02
4.30000e-01	4.10000e-01	-1.64526e-02
4.30000e-01	4.20000e-01	-1.42679e-02
4.30000e-01	4.30000e-01	-1.19517e-02
4.30000e-01	4.40000e-01	-9.57724e-03
4.30000e-01	4.50000e-01	-7.23227e-03
4.30000e-01	4.60000e-01	-5.01926e-03
4.30000e-01	4.70000e-01	-3.05514e-03
4.30000e-01	4.80000e-01	-1.46945e-03
4.30000e-01	4.90000e-01	-4.01868e-04
4.30000e-01	5.00000e-01	-0.00000e+00

4.50000e-01	0.00000e+00	-7.90982e-04
4.50000e-01	1.00000e-02	-7.90982e-04
4.50000e-01	2.00000e-02	-7.90974e-04
4.50000e-01	3.00000e-02	-8.16223e-04
4.50000e-01	4.00000e-02	-8.82859e-04
4.50000e-01	5.00000e-02	-1.00355e-03
4.50000e-01	6.00000e-02	-1.18832e-03
4.50000e-01	7.00000e-02	-1.44525e-03
4.50000e-01	8.00000e-02	-1.78097e-03
4.50000e-01	9.00000e-02	-2.20094e-03
4.50000e-01	1.00000e-01	-2.70952e-03
4.50000e-01	1.10000e-01	-3.30992e-03
4.50000e-01	1.20000e-01	-4.00412e-03
4.50000e-01	1.30000e-01	-4.79272e-03
4.50000e-01	1.40000e-01	-5.67479e-03
4.50000e-01	1.50000e-01	-6.64786e-03
4.50000e-01	1.60000e-01	-7.70780e-03
4.50000e-01	1.70000e-01	-8.84884e-03
4.50000e-01	1.80000e-01	-1.00636e-02
4.50000e-01	1.90000e-01	-1.13429e-02
4.50000e-01	2.00000e-01	-1.26762e-02
4.50000e-01	2.10000e-01	-1.40510e-02
4.50000e-01	2.20000e-01	-1.54529e-02
4.50000e-01	2.30000e-01	-1.68658e-02
4.50000e-01	2.40000e-01	-1.82711e-02
4.50000e-01	2.50000e-01	-1.96478e-02
4.50000e-01	2.60000e-01	-2.09724e-02
4.50000e-01	2.70000e-01	-2.22187e-02
4.50000e-01	2.80000e-01	-2.33579e-02
4.50000e-01	2.90000e-01	-2.43591e-02
4.50000e-01	3.00000e-01	-2.51901e-02
4.50000e-01	3.10000e-01	-2.58182e-02
4.50000e-01	3.20000e-01	-2.62116e-02
4.50000e-01	3.30000e-01	-2.63415e-02
4.50000e-01	3.40000e-01	-2.61831e-02
4.50000e-01	3.50000e-01	-2.57180e-02
4.50000e-01	3.60000e-01	-2.49356e-02
4.50000e-01	3.70000e-01	-2.38345e-02
4.50000e-01	3.80000e-01	-2.24234e-02
4.50000e-01	3.90000e-01	-2.07220e-02
4.50000e-01	4.00000e-01	-1.87613e-02
4.50000e-01	4.10000e-01	-1.65841e-02
4.50000e-01	4.20000e-01	-1.42453e-02
4.50000e-01	4.30000e-01	-1.18119e-02
4.50000e-01	4.40000e-01	-9.36304e-03
4.50000e-01	4.50000e-01	-6.98941e-03
4.50000e-01	4.60000e-01	-4.79186e-03
4.50000e-01	4.70000e-01	-2.87921e-03
4.50000e-01	4.80000e-01	-1.36543e-03
4.50000e-01	4.90000e-01	-3.66774e-04
4.50000e-01	5.00000e-01	-0.00000e+00

4.70000e-01	0.00000e+00	-4.20834e-03
4.70000e-01	1.00000e-02	-4.20834e-03
4.70000e-01	2.00000e-02	-4.20832e-03
4.70000e-01	3.00000e-02	-4.23259e-03
4.70000e-01	4.00000e-02	-4.29995e-03
4.70000e-01	5.00000e-02	-4.42560e-03
4.70000e-01	6.00000e-02	-4.62137e-03
4.70000e-01	7.00000e-02	-4.89626e-03
4.70000e-01	8.00000e-02	-5.25680e-03
4.70000e-01	9.00000e-02	-5.70745e-03
4.70000e-01	1.00000e-01	-6.25085e-03
4.70000e-01	1.10000e-01	-6.88801e-03
4.70000e-01	1.20000e-01	-7.61844e-03
4.70000e-01	1.30000e-01	-8.44016e-03
4.70000e-01	1.40000e-01	-9.34977e-03
4.70000e-01	1.50000e-01	-1.03424e-02
4.70000e-01	1.60000e-01	-1.14119e-02
4.70000e-01	1.70000e-01	-1.25505e-02
4.70000e-01	1.80000e-01	-1.37490e-02
4.70000e-01	1.90000e-01	-1.49968e-02
4.70000e-01	2.00000e-01	-1.62815e-02
4.70000e-01	2.10000e-01	-1.75893e-02
4.70000e-01	2.20000e-01	-1.89044e-02
4.70000e-01	2.30000e-01	-2.02094e-02
4.70000e-01	2.40000e-01	-2.14846e-02
4.70000e-01	2.50000e-01	-2.27084e-02
4.70000e-01	2.60000e-01	-2.38571e-02
4.70000e-01	2.70000e-01	-2.49048e-02
4.70000e-01	2.80000e-01	-2.58243e-02
4.70000e-01	2.90000e-01	-2.65868e-02
4.70000e-01	3.00000e-01	-2.71631e-02
4.70000e-01	3.10000e-01	-2.75245e-02
4.70000e-01	3.20000e-01	-2.76442e-02
4.70000e-01	3.30000e-01	-2.74981e-02
4.70000e-01	3.40000e-01	-2.70672e-02
4.70000e-01	3.50000e-01	-2.63385e-02
4.70000e-01	3.60000e-01	-2.53068e-02
4.70000e-01	3.70000e-01	-2.39757e-02
4.70000e-01	3.80000e-01	-2.23592e-02
4.70000e-01	3.90000e-01	-2.04817e-02
4.70000e-01	4.00000e-01	-1.83791e-02
4.70000e-01	4.10000e-01	-1.60987e-02
4.70000e-01	4.20000e-01	-1.36989e-02
4.70000e-01	4.30000e-01	-1.12489e-02
4.70000e-01	4.40000e-01	-8.82764e-03
4.70000e-01	4.50000e-01	-6.52174e-03
4.70000e-01	4.60000e-01	-4.42364e-03
4.70000e-01	4.70000e-01	-2.62858e-03
4.70000e-01	4.80000e-01	-1.23175e-03
4.70000e-01	4.90000e-01	-3.25893e-04
4.70000e-01	5.00000e-01	-0.00000e+00

4.90000e-01	0.00000e+00	-7.62930e-03
4.90000e-01	1.00000e-02	-7.62930e-03
4.90000e-01	2.00000e-02	-7.62928e-03
4.90000e-01	3.00000e-02	-7.65244e-03
4.90000e-01	4.00000e-02	-7.71863e-03
4.90000e-01	5.00000e-02	-7.84395e-03
4.90000e-01	6.00000e-02	-8.04089e-03
4.90000e-01	7.00000e-02	-8.31862e-03
4.90000e-01	8.00000e-02	-8.68345e-03
4.90000e-01	9.00000e-02	-9.13910e-03
4.90000e-01	1.00000e-01	-9.68711e-03
4.90000e-01	1.10000e-01	-1.03271e-02
4.90000e-01	1.20000e-01	-1.10568e-02
4.90000e-01	1.30000e-01	-1.18726e-02
4.90000e-01	1.40000e-01	-1.27693e-02
4.90000e-01	1.50000e-01	-1.37402e-02
4.90000e-01	1.60000e-01	-1.47773e-02
4.90000e-01	1.70000e-01	-1.58714e-02
4.90000e-01	1.80000e-01	-1.70115e-02
4.90000e-01	1.90000e-01	-1.81855e-02
4.90000e-01	2.00000e-01	-1.93799e-02
4.90000e-01	2.10000e-01	-2.05793e-02
4.90000e-01	2.20000e-01	-2.17670e-02
4.90000e-01	2.30000e-01	-2.29247e-02
4.90000e-01	2.40000e-01	-2.40321e-02
4.90000e-01	2.50000e-01	-2.50676e-02
4.90000e-01	2.60000e-01	-2.60079e-02
4.90000e-01	2.70000e-01	-2.68286e-02
4.90000e-01	2.80000e-01	-2.75042e-02
4.90000e-01	2.90000e-01	-2.80088e-02
4.90000e-01	3.00000e-01	-2.83171e-02
4.90000e-01	3.10000e-01	-2.84048e-02
4.90000e-01	3.20000e-01	-2.82503e-02
4.90000e-01	3.30000e-01	-2.78354e-02
4.90000e-01	3.40000e-01	-2.71472e-02
4.90000e-01	3.50000e-01	-2.61789e-02
4.90000e-01	3.60000e-01	-2.49313e-02
4.90000e-01	3.70000e-01	-2.34140e-02
4.90000e-01	3.80000e-01	-2.16461e-02
4.90000e-01	3.90000e-01	-1.96566e-02
4.90000e-01	4.00000e-01	-1.74850e-02
4.90000e-01	4.10000e-01	-1.51807e-02
4.90000e-01	4.20000e-01	-1.28027e-02
4.90000e-01	4.30000e-01	-1.04181e-02
4.90000e-01	4.40000e-01	-8.10093e-03
4.90000e-01	4.50000e-01	-5.92952e-03
4.90000e-01	4.60000e-01	-3.98423e-03
4.90000e-01	4.70000e-01	-2.34473e-03
4.90000e-01	4.80000e-01	-1.08751e-03
4.90000e-01	4.90000e-01	-2.84015e-04
4.90000e-01	5.00000e-01	-0.00000e+00

5.10000e-01	0.00000e+00	-1.07814e-02
5.10000e-01	1.00000e-02	-1.07814e-02
5.10000e-01	2.00000e-02	-1.07814e-02
5.10000e-01	3.00000e-02	-1.08037e-02
5.10000e-01	4.00000e-02	-1.08682e-02
5.10000e-01	5.00000e-02	-1.09909e-02
5.10000e-01	6.00000e-02	-1.11839e-02
5.10000e-01	7.00000e-02	-1.14561e-02
5.10000e-01	8.00000e-02	-1.18130e-02
5.10000e-01	9.00000e-02	-1.22577e-02
5.10000e-01	1.00000e-01	-1.27906e-02
5.10000e-01	1.10000e-01	-1.34104e-02
5.10000e-01	1.20000e-01	-1.41136e-02
5.10000e-01	1.30000e-01	-1.48952e-02
5.10000e-01	1.40000e-01	-1.57489e-02
5.10000e-01	1.50000e-01	-1.66665e-02
5.10000e-01	1.60000e-01	-1.76388e-02
5.10000e-01	1.70000e-01	-1.86551e-02
5.10000e-01	1.80000e-01	-1.97035e-02
5.10000e-01	1.90000e-01	-2.07707e-02
5.10000e-01	2.00000e-01	-2.18420e-02
5.10000e-01	2.10000e-01	-2.29015e-02
5.10000e-01	2.20000e-01	-2.39318e-02
5.10000e-01	2.30000e-01	-2.49142e-02
5.10000e-01	2.40000e-01	-2.58287e-02
5.10000e-01	2.50000e-01	-2.66544e-02
5.10000e-01	2.60000e-01	-2.73692e-02
5.10000e-01	2.70000e-01	-2.79504e-02
5.10000e-01	2.80000e-01	-2.83754e-02
5.10000e-01	2.90000e-01	-2.86218e-02
5.10000e-01	3.00000e-01	-2.86684e-02
5.10000e-01	3.10000e-01	-2.84959e-02
5.10000e-01	3.20000e-01	-2.80881e-02
5.10000e-01	3.30000e-01	-2.74331e-02
5.10000e-01	3.40000e-01	-2.65238e-02
5.10000e-01	3.50000e-01	-2.53598e-02
5.10000e-01	3.60000e-01	-2.39476e-02
5.10000e-01	3.70000e-01	-2.23020e-02
5.10000e-01	3.80000e-01	-2.04464e-02
5.10000e-01	3.90000e-01	-1.84132e-02
5.10000e-01	4.00000e-01	-1.62432e-02
5.10000e-01	4.10000e-01	-1.39857e-02
5.10000e-01	4.20000e-01	-1.16972e-02
5.10000e-01	4.30000e-01	-9.43979e-03
5.10000e-01	4.40000e-01	-7.27956e-03
5.10000e-01	4.50000e-01	-5.28436e-03
5.10000e-01	4.60000e-01	-3.52140e-03
5.10000e-01	4.70000e-01	-2.05499e-03
5.10000e-01	4.80000e-01	-9.44669e-04
5.10000e-01	4.90000e-01	-2.43948e-04
5.10000e-01	5.00000e-01	-0.00000e+00

5.30000e-01	0.00000e+00	-1.34965e-02
5.30000e-01	1.00000e-02	-1.34965e-02
5.30000e-01	2.00000e-02	-1.34965e-02
5.30000e-01	3.00000e-02	-1.35180e-02
5.30000e-01	4.00000e-02	-1.35803e-02
5.30000e-01	5.00000e-02	-1.36986e-02
5.30000e-01	6.00000e-02	-1.38841e-02
5.30000e-01	7.00000e-02	-1.41446e-02
5.30000e-01	8.00000e-02	-1.44848e-02
5.30000e-01	9.00000e-02	-1.49069e-02
5.30000e-01	1.00000e-01	-1.54104e-02
5.30000e-01	1.10000e-01	-1.59929e-02
5.30000e-01	1.20000e-01	-1.66503e-02
5.30000e-01	1.30000e-01	-1.73766e-02
5.30000e-01	1.40000e-01	-1.81642e-02
5.30000e-01	1.50000e-01	-1.90045e-02
5.30000e-01	1.60000e-01	-1.98872e-02
5.30000e-01	1.70000e-01	-2.08008e-02
5.30000e-01	1.80000e-01	-2.17326e-02
5.30000e-01	1.90000e-01	-2.26688e-02
5.30000e-01	2.00000e-01	-2.35941e-02
5.30000e-01	2.10000e-01	-2.44924e-02
5.30000e-01	2.20000e-01	-2.53465e-02
5.30000e-01	2.30000e-01	-2.61379e-02
5.30000e-01	2.40000e-01	-2.68475e-02
5.30000e-01	2.50000e-01	-2.74558e-02
5.30000e-01	2.60000e-01	-2.79424e-02
5.30000e-01	2.70000e-01	-2.82875e-02
5.30000e-01	2.80000e-01	-2.84714e-02
5.30000e-01	2.90000e-01	-2.84756e-02
5.30000e-01	3.00000e-01	-2.82834e-02
5.30000e-01	3.10000e-01	-2.78807e-02
5.30000e-01	3.20000e-01	-2.72568e-02
5.30000e-01	3.30000e-01	-2.64051e-02
5.30000e-01	3.40000e-01	-2.53246e-02
5.30000e-01	3.50000e-01	-2.40199e-02
5.30000e-01	3.60000e-01	-2.25026e-02
5.30000e-01	3.70000e-01	-2.07915e-02
5.30000e-01	3.80000e-01	-1.89126e-02
5.30000e-01	3.90000e-01	-1.68996e-02
5.30000e-01	4.00000e-01	-1.47931e-02
5.30000e-01	4.10000e-01	-1.26398e-02
5.30000e-01	4.20000e-01	-1.04914e-02
5.30000e-01	4.30000e-01	-8.40321e-03
5.30000e-01	4.40000e-01	-6.43221e-03
5.30000e-01	4.50000e-01	-4.63507e-03
5.30000e-01	4.60000e-01	-3.06625e-03
5.30000e-01	4.70000e-01	-1.77626e-03
5.30000e-01	4.80000e-01	-8.10228e-04
5.30000e-01	4.90000e-01	-2.07184e-04
5.30000e-01	5.00000e-01	-0.00000e+00

5.50000e-01	0.00000e+00	-1.56811e-02
5.50000e-01	1.00000e-02	-1.56811e-02
5.50000e-01	2.00000e-02	-1.56811e-02
5.50000e-01	3.00000e-02	-1.57016e-02
5.50000e-01	4.00000e-02	-1.57608e-02
5.50000e-01	5.00000e-02	-1.58726e-02
5.50000e-01	6.00000e-02	-1.60468e-02
5.50000e-01	7.00000e-02	-1.62901e-02
5.50000e-01	8.00000e-02	-1.66061e-02
5.50000e-01	9.00000e-02	-1.69960e-02
5.50000e-01	1.00000e-01	-1.74585e-02
5.50000e-01	1.10000e-01	-1.79907e-02
5.50000e-01	1.20000e-01	-1.85874e-02
5.50000e-01	1.30000e-01	-1.92421e-02
5.50000e-01	1.40000e-01	-1.99469e-02
5.50000e-01	1.50000e-01	-2.06922e-02
5.50000e-01	1.60000e-01	-2.14676e-02
5.50000e-01	1.70000e-01	-2.22612e-02
5.50000e-01	1.80000e-01	-2.30599e-02
5.50000e-01	1.90000e-01	-2.38499e-02
5.50000e-01	2.00000e-01	-2.46160e-02
5.50000e-01	2.10000e-01	-2.53425e-02
5.50000e-01	2.20000e-01	-2.60127e-02
5.50000e-01	2.30000e-01	-2.66092e-02
5.50000e-01	2.40000e-01	-2.71145e-02
5.50000e-01	2.50000e-01	-2.75107e-02
5.50000e-01	2.60000e-01	-2.77801e-02
5.50000e-01	2.70000e-01	-2.79056e-02
5.50000e-01	2.80000e-01	-2.78712e-02
5.50000e-01	2.90000e-01	-2.76624e-02
5.50000e-01	3.00000e-01	-2.72669e-02
5.50000e-01	3.10000e-01	-2.66754e-02
5.50000e-01	3.20000e-01	-2.58822e-02
5.50000e-01	3.30000e-01	-2.48858e-02
5.50000e-01	3.40000e-01	-2.36896e-02
5.50000e-01	3.50000e-01	-2.23029e-02
5.50000e-01	3.60000e-01	-2.07404e-02
5.50000e-01	3.70000e-01	-1.90235e-02
5.50000e-01	3.80000e-01	-1.71793e-02
5.50000e-01	3.90000e-01	-1.52409e-02
5.50000e-01	4.00000e-01	-1.32469e-02
5.50000e-01	4.10000e-01	-1.12398e-02
5.50000e-01	4.20000e-01	-9.26545e-03
5.50000e-01	4.30000e-01	-7.37138e-03
5.50000e-01	4.40000e-01	-5.60517e-03
5.50000e-01	4.50000e-01	-4.01293e-03
5.50000e-01	4.60000e-01	-2.63770e-03
5.50000e-01	4.70000e-01	-1.51818e-03
5.50000e-01	4.80000e-01	-6.87824e-04
5.50000e-01	4.90000e-01	-1.74374e-04
5.50000e-01	5.00000e-01	-0.00000e+00

5.70000e-01	0.00000e+00	-1.72954e-02
5.70000e-01	1.00000e-02	-1.72954e-02
5.70000e-01	2.00000e-02	-1.72954e-02
5.70000e-01	3.00000e-02	-1.73145e-02
5.70000e-01	4.00000e-02	-1.73692e-02
5.70000e-01	5.00000e-02	-1.74719e-02
5.70000e-01	6.00000e-02	-1.76310e-02
5.70000e-01	7.00000e-02	-1.78518e-02
5.70000e-01	8.00000e-02	-1.81369e-02
5.70000e-01	9.00000e-02	-1.84867e-02
5.70000e-01	1.00000e-01	-1.88992e-02
5.70000e-01	1.10000e-01	-1.93706e-02
5.70000e-01	1.20000e-01	-1.98957e-02
5.70000e-01	1.30000e-01	-2.04674e-02
5.70000e-01	1.40000e-01	-2.10776e-02
5.70000e-01	1.50000e-01	-2.17167e-02
5.70000e-01	1.60000e-01	-2.23739e-02
5.70000e-01	1.70000e-01	-2.30376e-02
5.70000e-01	1.80000e-01	-2.36950e-02
5.70000e-01	1.90000e-01	-2.43325e-02
5.70000e-01	2.00000e-01	-2.49357e-02
5.70000e-01	2.10000e-01	-2.54897e-02
5.70000e-01	2.20000e-01	-2.59788e-02
5.70000e-01	2.30000e-01	-2.63874e-02
5.70000e-01	2.40000e-01	-2.66997e-02
5.70000e-01	2.50000e-01	-2.69002e-02
5.70000e-01	2.60000e-01	-2.69739e-02
5.70000e-01	2.70000e-01	-2.69069e-02
5.70000e-01	2.80000e-01	-2.66866e-02
5.70000e-01	2.90000e-01	-2.63026e-02
5.70000e-01	3.00000e-01	-2.57466e-02
5.70000e-01	3.10000e-01	-2.50136e-02
5.70000e-01	3.20000e-01	-2.41021e-02
5.70000e-01	3.30000e-01	-2.30146e-02
5.70000e-01	3.40000e-01	-2.17583e-02
5.70000e-01	3.50000e-01	-2.03450e-02
5.70000e-01	3.60000e-01	-1.87918e-02
5.70000e-01	3.70000e-01	-1.71208e-02
5.70000e-01	3.80000e-01	-1.53588e-02
5.70000e-01	3.90000e-01	-1.35370e-02
5.70000e-01	4.00000e-01	-1.16905e-02
5.70000e-01	4.10000e-01	-9.85684e-03
5.70000e-01	4.20000e-01	-8.07547e-03
5.70000e-01	4.30000e-01	-6.38609e-03
5.70000e-01	4.40000e-01	-4.82753e-03
5.70000e-01	4.50000e-01	-3.43640e-03
5.70000e-01	4.60000e-01	-2.24602e-03
5.70000e-01	4.70000e-01	-1.28544e-03
5.70000e-01	4.80000e-01	-5.78916e-04
5.70000e-01	4.90000e-01	-1.45654e-04
5.70000e-01	5.00000e-01	-0.00000e+00

5.90000e-01	0.00000e+00	-1.83392e-02
5.90000e-01	1.00000e-02	-1.83392e-02
5.90000e-01	2.00000e-02	-1.83392e-02
5.90000e-01	3.00000e-02	-1.83563e-02
5.90000e-01	4.00000e-02	-1.84051e-02
5.90000e-01	5.00000e-02	-1.84961e-02
5.90000e-01	6.00000e-02	-1.86364e-02
5.90000e-01	7.00000e-02	-1.88302e-02
5.90000e-01	8.00000e-02	-1.90790e-02
5.90000e-01	9.00000e-02	-1.93824e-02
5.90000e-01	1.00000e-01	-1.97381e-02
5.90000e-01	1.10000e-01	-2.01419e-02
5.90000e-01	1.20000e-01	-2.05882e-02
5.90000e-01	1.30000e-01	-2.10701e-02
5.90000e-01	1.40000e-01	-2.15793e-02
5.90000e-01	1.50000e-01	-2.21066e-02
5.90000e-01	1.60000e-01	-2.26415e-02
5.90000e-01	1.70000e-01	-2.31727e-02
5.90000e-01	1.80000e-01	-2.36881e-02
5.90000e-01	1.90000e-01	-2.41750e-02
5.90000e-01	2.00000e-01	-2.46199e-02
5.90000e-01	2.10000e-01	-2.50093e-02
5.90000e-01	2.20000e-01	-2.53291e-02
5.90000e-01	2.30000e-01	-2.55655e-02
5.90000e-01	2.40000e-01	-2.57048e-02
5.90000e-01	2.50000e-01	-2.57341e-02
5.90000e-01	2.60000e-01	-2.56412e-02
5.90000e-01	2.70000e-01	-2.54153e-02
5.90000e-01	2.80000e-01	-2.50473e-02
5.90000e-01	2.90000e-01	-2.45300e-02
5.90000e-01	3.00000e-01	-2.38589e-02
5.90000e-01	3.10000e-01	-2.30325e-02
5.90000e-01	3.20000e-01	-2.20526e-02
5.90000e-01	3.30000e-01	-2.09246e-02
5.90000e-01	3.40000e-01	-1.96581e-02
5.90000e-01	3.50000e-01	-1.82667e-02
5.90000e-01	3.60000e-01	-1.67681e-02
5.90000e-01	3.70000e-01	-1.51838e-02
5.90000e-01	3.80000e-01	-1.35393e-02
5.90000e-01	3.90000e-01	-1.18630e-02
5.90000e-01	4.00000e-01	-1.01856e-02
5.90000e-01	4.10000e-01	-8.53958e-03
5.90000e-01	4.20000e-01	-6.95783e-03
5.90000e-01	4.30000e-01	-5.47285e-03
5.90000e-01	4.40000e-01	-4.11567e-03
5.90000e-01	4.50000e-01	-2.91482e-03
5.90000e-01	4.60000e-01	-1.89562e-03
5.90000e-01	4.70000e-01	-1.07949e-03
5.90000e-01	4.80000e-01	-4.83604e-04
5.90000e-01	4.90000e-01	-1.20856e-04
5.90000e-01	5.00000e-01	-0.00000e+00

6.10000e-01	0.00000e+00	-1.88410e-02
6.10000e-01	1.00000e-02	-1.88410e-02
6.10000e-01	2.00000e-02	-1.88410e-02
6.10000e-01	3.00000e-02	-1.88555e-02
6.10000e-01	4.00000e-02	-1.88971e-02
6.10000e-01	5.00000e-02	-1.89744e-02
6.10000e-01	6.00000e-02	-1.90932e-02
6.10000e-01	7.00000e-02	-1.92565e-02
6.10000e-01	8.00000e-02	-1.94653e-02
6.10000e-01	9.00000e-02	-1.97185e-02
6.10000e-01	1.00000e-01	-2.00135e-02
6.10000e-01	1.10000e-01	-2.03460e-02
6.10000e-01	1.20000e-01	-2.07105e-02
6.10000e-01	1.30000e-01	-2.11003e-02
6.10000e-01	1.40000e-01	-2.15074e-02
6.10000e-01	1.50000e-01	-2.19230e-02
6.10000e-01	1.60000e-01	-2.23373e-02
6.10000e-01	1.70000e-01	-2.27398e-02
6.10000e-01	1.80000e-01	-2.31193e-02
6.10000e-01	1.90000e-01	-2.34643e-02
6.10000e-01	2.00000e-01	-2.37627e-02
6.10000e-01	2.10000e-01	-2.40024e-02
6.10000e-01	2.20000e-01	-2.41713e-02
6.10000e-01	2.30000e-01	-2.42575e-02
6.10000e-01	2.40000e-01	-2.42496e-02
6.10000e-01	2.50000e-01	-2.41373e-02
6.10000e-01	2.60000e-01	-2.39110e-02
6.10000e-01	2.70000e-01	-2.35628e-02
6.10000e-01	2.80000e-01	-2.30865e-02
6.10000e-01	2.90000e-01	-2.24780e-02
6.10000e-01	3.00000e-01	-2.17358e-02
6.10000e-01	3.10000e-01	-2.08609e-02
6.10000e-01	3.20000e-01	-1.98575e-02
6.10000e-01	3.30000e-01	-1.87331e-02
6.10000e-01	3.40000e-01	-1.74984e-02
6.10000e-01	3.50000e-01	-1.61676e-02
6.10000e-01	3.60000e-01	-1.47579e-02
6.10000e-01	3.70000e-01	-1.32897e-02
6.10000e-01	3.80000e-01	-1.17860e-02
6.10000e-01	3.90000e-01	-1.02719e-02
6.10000e-01	4.00000e-01	-8.77368e-03
6.10000e-01	4.10000e-01	-7.31864e-03
6.10000e-01	4.20000e-01	-5.93376e-03
6.10000e-01	4.30000e-01	-4.64510e-03
6.10000e-01	4.40000e-01	-3.47701e-03
6.10000e-01	4.50000e-01	-2.45139e-03
6.10000e-01	4.60000e-01	-1.58715e-03
6.10000e-01	4.70000e-01	-8.99795e-04
6.10000e-01	4.80000e-01	-4.01205e-04
6.10000e-01	4.90000e-01	-9.96577e-05
6.10000e-01	5.00000e-01	-0.00000e+00

6.30000e-01	0.00000e+00	-1.88499e-02
6.30000e-01	1.00000e-02	-1.88499e-02
6.30000e-01	2.00000e-02	-1.88499e-02
6.30000e-01	3.00000e-02	-1.88616e-02
6.30000e-01	4.00000e-02	-1.88951e-02
6.30000e-01	5.00000e-02	-1.89575e-02
6.30000e-01	6.00000e-02	-1.90532e-02
6.30000e-01	7.00000e-02	-1.91844e-02
6.30000e-01	8.00000e-02	-1.93515e-02
6.30000e-01	9.00000e-02	-1.95532e-02
6.30000e-01	1.00000e-01	-1.97867e-02
6.30000e-01	1.10000e-01	-2.00479e-02
6.30000e-01	1.20000e-01	-2.03315e-02
6.30000e-01	1.30000e-01	-2.06312e-02
6.30000e-01	1.40000e-01	-2.09396e-02
6.30000e-01	1.50000e-01	-2.12487e-02
6.30000e-01	1.60000e-01	-2.15494e-02
6.30000e-01	1.70000e-01	-2.18324e-02
6.30000e-01	1.80000e-01	-2.20876e-02
6.30000e-01	1.90000e-01	-2.23048e-02
6.30000e-01	2.00000e-01	-2.24735e-02
6.30000e-01	2.10000e-01	-2.25833e-02
6.30000e-01	2.20000e-01	-2.26240e-02
6.30000e-01	2.30000e-01	-2.25857e-02
6.30000e-01	2.40000e-01	-2.24594e-02
6.30000e-01	2.50000e-01	-2.22370e-02
6.30000e-01	2.60000e-01	-2.19114e-02
6.30000e-01	2.70000e-01	-2.14772e-02
6.30000e-01	2.80000e-01	-2.09306e-02
6.30000e-01	2.90000e-01	-2.02701e-02
6.30000e-01	3.00000e-01	-1.94961e-02
6.30000e-01	3.10000e-01	-1.86117e-02
6.30000e-01	3.20000e-01	-1.76227e-02
6.30000e-01	3.30000e-01	-1.65373e-02
6.30000e-01	3.40000e-01	-1.53667e-02
6.30000e-01	3.50000e-01	-1.41247e-02
6.30000e-01	3.60000e-01	-1.28276e-02
6.30000e-01	3.70000e-01	-1.14937e-02
6.30000e-01	3.80000e-01	-1.01433e-02
6.30000e-01	3.90000e-01	-8.79785e-03
6.30000e-01	4.00000e-01	-7.47961e-03
6.30000e-01	4.10000e-01	-6.21087e-03
6.30000e-01	4.20000e-01	-5.01342e-03
6.30000e-01	4.30000e-01	-3.90785e-03
6.30000e-01	4.40000e-01	-2.91298e-03
6.30000e-01	4.50000e-01	-2.04539e-03
6.30000e-01	4.60000e-01	-1.31897e-03
6.30000e-01	4.70000e-01	-7.44728e-04
6.30000e-01	4.80000e-01	-3.30634e-04
6.30000e-01	4.90000e-01	-8.16710e-05
6.30000e-01	5.00000e-01	-0.00000e+00

6.50000e-01	0.00000e+00	-1.84284e-02
6.50000e-01	1.00000e-02	-1.84284e-02
6.50000e-01	2.00000e-02	-1.84284e-02
6.50000e-01	3.00000e-02	-1.84371e-02
6.50000e-01	4.00000e-02	-1.84623e-02
6.50000e-01	5.00000e-02	-1.85094e-02
6.50000e-01	6.00000e-02	-1.85819e-02
6.50000e-01	7.00000e-02	-1.86812e-02
6.50000e-01	8.00000e-02	-1.88073e-02
6.50000e-01	9.00000e-02	-1.89589e-02
6.50000e-01	1.00000e-01	-1.91331e-02
6.50000e-01	1.10000e-01	-1.93263e-02
6.50000e-01	1.20000e-01	-1.95335e-02
6.50000e-01	1.30000e-01	-1.97490e-02
6.50000e-01	1.40000e-01	-1.99663e-02
6.50000e-01	1.50000e-01	-2.01780e-02
6.50000e-01	1.60000e-01	-2.03763e-02
6.50000e-01	1.70000e-01	-2.05530e-02
6.50000e-01	1.80000e-01	-2.06993e-02
6.50000e-01	1.90000e-01	-2.08064e-02
6.50000e-01	2.00000e-01	-2.08656e-02
6.50000e-01	2.10000e-01	-2.08680e-02
6.50000e-01	2.20000e-01	-2.08053e-02
6.50000e-01	2.30000e-01	-2.06697e-02
6.50000e-01	2.40000e-01	-2.04542e-02
6.50000e-01	2.50000e-01	-2.01527e-02
6.50000e-01	2.60000e-01	-1.97603e-02
6.50000e-01	2.70000e-01	-1.92736e-02
6.50000e-01	2.80000e-01	-1.86909e-02
6.50000e-01	2.90000e-01	-1.80123e-02
6.50000e-01	3.00000e-01	-1.72397e-02
6.50000e-01	3.10000e-01	-1.63776e-02
6.50000e-01	3.20000e-01	-1.54322e-02
6.50000e-01	3.30000e-01	-1.44122e-02
6.50000e-01	3.40000e-01	-1.33285e-02
6.50000e-01	3.50000e-01	-1.21939e-02
6.50000e-01	3.60000e-01	-1.10231e-02
6.50000e-01	3.70000e-01	-9.83225e-03
6.50000e-01	3.80000e-01	-8.63868e-03
6.50000e-01	3.90000e-01	-7.46048e-03
6.50000e-01	4.00000e-01	-6.31594e-03
6.50000e-01	4.10000e-01	-5.22313e-03
6.50000e-01	4.20000e-01	-4.19932e-03
6.50000e-01	4.30000e-01	-3.26059e-03
6.50000e-01	4.40000e-01	-2.42130e-03
6.50000e-01	4.50000e-01	-1.69381e-03
6.50000e-01	4.60000e-01	-1.08821e-03
6.50000e-01	4.70000e-01	-6.12121e-04
6.50000e-01	4.80000e-01	-2.70661e-04
6.50000e-01	4.90000e-01	-6.65026e-05
6.50000e-01	5.00000e-01	-0.00000e+00

6.70000e-01	0.00000e+00	-1.76457e-02
6.70000e-01	1.00000e-02	-1.76457e-02
6.70000e-01	2.00000e-02	-1.76457e-02
6.70000e-01	3.00000e-02	-1.76515e-02
6.70000e-01	4.00000e-02	-1.76688e-02
6.70000e-01	5.00000e-02	-1.77014e-02
6.70000e-01	6.00000e-02	-1.77519e-02
6.70000e-01	7.00000e-02	-1.78213e-02
6.70000e-01	8.00000e-02	-1.79092e-02
6.70000e-01	9.00000e-02	-1.80143e-02
6.70000e-01	1.00000e-01	-1.81342e-02
6.70000e-01	1.10000e-01	-1.82654e-02
6.70000e-01	1.20000e-01	-1.84036e-02
6.70000e-01	1.30000e-01	-1.85439e-02
6.70000e-01	1.40000e-01	-1.86806e-02
6.70000e-01	1.50000e-01	-1.88072e-02
6.70000e-01	1.60000e-01	-1.89172e-02
6.70000e-01	1.70000e-01	-1.90035e-02
6.70000e-01	1.80000e-01	-1.90587e-02
6.70000e-01	1.90000e-01	-1.90756e-02
6.70000e-01	2.00000e-01	-1.90467e-02
6.70000e-01	2.10000e-01	-1.89651e-02
6.70000e-01	2.20000e-01	-1.88242e-02
6.70000e-01	2.30000e-01	-1.86179e-02
6.70000e-01	2.40000e-01	-1.83409e-02
6.70000e-01	2.50000e-01	-1.79890e-02
6.70000e-01	2.60000e-01	-1.75590e-02
6.70000e-01	2.70000e-01	-1.70492e-02
6.70000e-01	2.80000e-01	-1.64591e-02
6.70000e-01	2.90000e-01	-1.57901e-02
6.70000e-01	3.00000e-01	-1.50453e-02
6.70000e-01	3.10000e-01	-1.42293e-02
6.70000e-01	3.20000e-01	-1.33488e-02
6.70000e-01	3.30000e-01	-1.24122e-02
6.70000e-01	3.40000e-01	-1.14295e-02
6.70000e-01	3.50000e-01	-1.04122e-02
6.70000e-01	3.60000e-01	-9.37331e-03
6.70000e-01	3.70000e-01	-8.32656e-03
6.70000e-01	3.80000e-01	-7.28656e-03
6.70000e-01	3.90000e-01	-6.26822e-03
6.70000e-01	4.00000e-01	-5.28638e-03
6.70000e-01	4.10000e-01	-4.35547e-03
6.70000e-01	4.20000e-01	-3.48903e-03
6.70000e-01	4.30000e-01	-2.69944e-03
6.70000e-01	4.40000e-01	-1.99757e-03
6.70000e-01	4.50000e-01	-1.39254e-03
6.70000e-01	4.60000e-01	-8.91519e-04
6.70000e-01	4.70000e-01	-4.99667e-04
6.70000e-01	4.80000e-01	-2.20066e-04
6.70000e-01	4.90000e-01	-5.37866e-05
6.70000e-01	5.00000e-01	-0.00000e+00

6.90000e-01	0.00000e+00	-1.65726e-02
6.90000e-01	1.00000e-02	-1.65726e-02
6.90000e-01	2.00000e-02	-1.65726e-02
6.90000e-01	3.00000e-02	-1.65759e-02
6.90000e-01	4.00000e-02	-1.65860e-02
6.90000e-01	5.00000e-02	-1.66058e-02
6.90000e-01	6.00000e-02	-1.66367e-02
6.90000e-01	7.00000e-02	-1.66795e-02
6.90000e-01	8.00000e-02	-1.67336e-02
6.90000e-01	9.00000e-02	-1.67979e-02
6.90000e-01	1.00000e-01	-1.68703e-02
6.90000e-01	1.10000e-01	-1.69477e-02
6.90000e-01	1.20000e-01	-1.70267e-02
6.90000e-01	1.30000e-01	-1.71029e-02
6.90000e-01	1.40000e-01	-1.71715e-02
6.90000e-01	1.50000e-01	-1.72273e-02
6.90000e-01	1.60000e-01	-1.72647e-02
6.90000e-01	1.70000e-01	-1.72779e-02
6.90000e-01	1.80000e-01	-1.72609e-02
6.90000e-01	1.90000e-01	-1.72077e-02
6.90000e-01	2.00000e-01	-1.71125e-02
6.90000e-01	2.10000e-01	-1.69697e-02
6.90000e-01	2.20000e-01	-1.67744e-02
6.90000e-01	2.30000e-01	-1.65219e-02
6.90000e-01	2.40000e-01	-1.62086e-02
6.90000e-01	2.50000e-01	-1.58315e-02
6.90000e-01	2.60000e-01	-1.53889e-02
6.90000e-01	2.70000e-01	-1.48801e-02
6.90000e-01	2.80000e-01	-1.43058e-02
6.90000e-01	2.90000e-01	-1.36680e-02
6.90000e-01	3.00000e-01	-1.29702e-02
6.90000e-01	3.10000e-01	-1.22172e-02
6.90000e-01	3.20000e-01	-1.14155e-02
6.90000e-01	3.30000e-01	-1.05727e-02
6.90000e-01	3.40000e-01	-9.69791e-03
6.90000e-01	3.50000e-01	-8.80108e-03
6.90000e-01	3.60000e-01	-7.89325e-03
6.90000e-01	3.70000e-01	-6.98606e-03
6.90000e-01	3.80000e-01	-6.09153e-03
6.90000e-01	3.90000e-01	-5.22177e-03
6.90000e-01	4.00000e-01	-4.38869e-03
6.90000e-01	4.10000e-01	-3.60364e-03
6.90000e-01	4.20000e-01	-2.87717e-03
6.90000e-01	4.30000e-01	-2.21872e-03
6.90000e-01	4.40000e-01	-1.63646e-03
6.90000e-01	4.50000e-01	-1.13703e-03
6.90000e-01	4.60000e-01	-7.25472e-04
6.90000e-01	4.70000e-01	-4.05152e-04
6.90000e-01	4.80000e-01	-1.77727e-04
6.90000e-01	4.90000e-01	-4.32015e-05
6.90000e-01	5.00000e-01	-0.00000e+00

7.10000e-01	0.00000e+00	-1.52773e-02
7.10000e-01	1.00000e-02	-1.52773e-02
7.10000e-01	2.00000e-02	-1.52773e-02
7.10000e-01	3.00000e-02	-1.52785e-02
7.10000e-01	4.00000e-02	-1.52827e-02
7.10000e-01	5.00000e-02	-1.52917e-02
7.10000e-01	6.00000e-02	-1.53062e-02
7.10000e-01	7.00000e-02	-1.53267e-02
7.10000e-01	8.00000e-02	-1.53527e-02
7.10000e-01	9.00000e-02	-1.53830e-02
7.10000e-01	1.00000e-01	-1.54160e-02
7.10000e-01	1.10000e-01	-1.54493e-02
7.10000e-01	1.20000e-01	-1.54798e-02
7.10000e-01	1.30000e-01	-1.55041e-02
7.10000e-01	1.40000e-01	-1.55184e-02
7.10000e-01	1.50000e-01	-1.55184e-02
7.10000e-01	1.60000e-01	-1.54995e-02
7.10000e-01	1.70000e-01	-1.54571e-02
7.10000e-01	1.80000e-01	-1.53865e-02
7.10000e-01	1.90000e-01	-1.52829e-02
7.10000e-01	2.00000e-01	-1.51419e-02
7.10000e-01	2.10000e-01	-1.49593e-02
7.10000e-01	2.20000e-01	-1.47312e-02
7.10000e-01	2.30000e-01	-1.44544e-02
7.10000e-01	2.40000e-01	-1.41263e-02
7.10000e-01	2.50000e-01	-1.37453e-02
7.10000e-01	2.60000e-01	-1.33105e-02
7.10000e-01	2.70000e-01	-1.28220e-02
7.10000e-01	2.80000e-01	-1.22811e-02
7.10000e-01	2.90000e-01	-1.16901e-02
7.10000e-01	3.00000e-01	-1.10527e-02
7.10000e-01	3.10000e-01	-1.03734e-02
7.10000e-01	3.20000e-01	-9.65821e-03
7.10000e-01	3.30000e-01	-8.91386e-03
7.10000e-01	3.40000e-01	-8.14816e-03
7.10000e-01	3.50000e-01	-7.36971e-03
7.10000e-01	3.60000e-01	-6.58768e-03
7.10000e-01	3.70000e-01	-5.81167e-03
7.10000e-01	3.80000e-01	-5.05144e-03
7.10000e-01	3.90000e-01	-4.31672e-03
7.10000e-01	4.00000e-01	-3.61692e-03
7.10000e-01	4.10000e-01	-2.96094e-03
7.10000e-01	4.20000e-01	-2.35692e-03
7.10000e-01	4.30000e-01	-1.81206e-03
7.10000e-01	4.40000e-01	-1.33243e-03
7.10000e-01	4.50000e-01	-9.22867e-04
7.10000e-01	4.60000e-01	-5.86880e-04
7.10000e-01	4.70000e-01	-3.26578e-04
7.10000e-01	4.80000e-01	-1.42669e-04
7.10000e-01	4.90000e-01	-3.44769e-05
7.10000e-01	5.00000e-01	-0.00000e+00

7.30000e-01	0.00000e+00	-1.38223e-02
7.30000e-01	1.00000e-02	-1.38223e-02
7.30000e-01	2.00000e-02	-1.38223e-02
7.30000e-01	3.00000e-02	-1.38219e-02
7.30000e-01	4.00000e-02	-1.38216e-02
7.30000e-01	5.00000e-02	-1.38221e-02
7.30000e-01	6.00000e-02	-1.38239e-02
7.30000e-01	7.00000e-02	-1.38269e-02
7.30000e-01	8.00000e-02	-1.38308e-02
7.30000e-01	9.00000e-02	-1.38346e-02
7.30000e-01	1.00000e-01	-1.38370e-02
7.30000e-01	1.10000e-01	-1.38360e-02
7.30000e-01	1.20000e-01	-1.38294e-02
7.30000e-01	1.30000e-01	-1.38144e-02
7.30000e-01	1.40000e-01	-1.37881e-02
7.30000e-01	1.50000e-01	-1.37470e-02
7.30000e-01	1.60000e-01	-1.36877e-02
7.30000e-01	1.70000e-01	-1.36066e-02
7.30000e-01	1.80000e-01	-1.35000e-02
7.30000e-01	1.90000e-01	-1.33643e-02
7.30000e-01	2.00000e-01	-1.31962e-02
7.30000e-01	2.10000e-01	-1.29925e-02
7.30000e-01	2.20000e-01	-1.27506e-02
7.30000e-01	2.30000e-01	-1.24681e-02
7.30000e-01	2.40000e-01	-1.21435e-02
7.30000e-01	2.50000e-01	-1.17758e-02
7.30000e-01	2.60000e-01	-1.13648e-02
7.30000e-01	2.70000e-01	-1.09112e-02
7.30000e-01	2.80000e-01	-1.04165e-02
7.30000e-01	2.90000e-01	-9.88309e-03
7.30000e-01	3.00000e-01	-9.31439e-03
7.30000e-01	3.10000e-01	-8.71465e-03
7.30000e-01	3.20000e-01	-8.08896e-03
7.30000e-01	3.30000e-01	-7.44322e-03
7.30000e-01	3.40000e-01	-6.78401e-03
7.30000e-01	3.50000e-01	-6.11843e-03
7.30000e-01	3.60000e-01	-5.45402e-03
7.30000e-01	3.70000e-01	-4.79854e-03
7.30000e-01	3.80000e-01	-4.15981e-03
7.30000e-01	3.90000e-01	-3.54555e-03
7.30000e-01	4.00000e-01	-2.96317e-03
7.30000e-01	4.10000e-01	-2.41958e-03
7.30000e-01	4.20000e-01	-1.92105e-03
7.30000e-01	4.30000e-01	-1.47309e-03
7.30000e-01	4.40000e-01	-1.08023e-03
7.30000e-01	4.50000e-01	-7.46039e-04
7.30000e-01	4.60000e-01	-4.72944e-04
7.30000e-01	4.70000e-01	-2.62250e-04
7.30000e-01	4.80000e-01	-1.14081e-04
7.30000e-01	4.90000e-01	-2.73953e-05
7.30000e-01	5.00000e-01	-0.00000e+00

7.50000e-01	0.00000e+00	-1.22631e-02
7.50000e-01	1.00000e-02	-1.22631e-02
7.50000e-01	2.00000e-02	-1.22631e-02
7.50000e-01	3.00000e-02	-1.22615e-02
7.50000e-01	4.00000e-02	-1.22580e-02
7.50000e-01	5.00000e-02	-1.22526e-02
7.50000e-01	6.00000e-02	-1.22451e-02
7.50000e-01	7.00000e-02	-1.22355e-02
7.50000e-01	8.00000e-02	-1.22234e-02
7.50000e-01	9.00000e-02	-1.22080e-02
7.50000e-01	1.00000e-01	-1.21883e-02
7.50000e-01	1.10000e-01	-1.21629e-02
7.50000e-01	1.20000e-01	-1.21300e-02
7.50000e-01	1.30000e-01	-1.20878e-02
7.50000e-01	1.40000e-01	-1.20338e-02
7.50000e-01	1.50000e-01	-1.19657e-02
7.50000e-01	1.60000e-01	-1.18807e-02
7.50000e-01	1.70000e-01	-1.17763e-02
7.50000e-01	1.80000e-01	-1.16496e-02
7.50000e-01	1.90000e-01	-1.14980e-02
7.50000e-01	2.00000e-01	-1.13191e-02
7.50000e-01	2.10000e-01	-1.11107e-02
7.50000e-01	2.20000e-01	-1.08709e-02
7.50000e-01	2.30000e-01	-1.05982e-02
7.50000e-01	2.40000e-01	-1.02917e-02
7.50000e-01	2.50000e-01	-9.95085e-03
7.50000e-01	2.60000e-01	-9.57595e-03
7.50000e-01	2.70000e-01	-9.16787e-03
7.50000e-01	2.80000e-01	-8.72816e-03
7.50000e-01	2.90000e-01	-8.25912e-03
7.50000e-01	3.00000e-01	-7.76374e-03
7.50000e-01	3.10000e-01	-7.24570e-03
7.50000e-01	3.20000e-01	-6.70932e-03
7.50000e-01	3.30000e-01	-6.15948e-03
7.50000e-01	3.40000e-01	-5.60158e-03
7.50000e-01	3.50000e-01	-5.04136e-03
7.50000e-01	3.60000e-01	-4.48486e-03
7.50000e-01	3.70000e-01	-3.93825e-03
7.50000e-01	3.80000e-01	-3.40773e-03
7.50000e-01	3.90000e-01	-2.89933e-03
7.50000e-01	4.00000e-01	-2.41885e-03
7.50000e-01	4.10000e-01	-1.97167e-03
7.50000e-01	4.20000e-01	-1.56265e-03
7.50000e-01	4.30000e-01	-1.19603e-03
7.50000e-01	4.40000e-01	-8.75305e-04
7.50000e-01	4.50000e-01	-6.03156e-04
7.50000e-01	4.60000e-01	-3.81377e-04
7.50000e-01	4.70000e-01	-2.10817e-04
7.50000e-01	4.80000e-01	-9.13401e-05
7.50000e-01	4.90000e-01	-2.17943e-05
7.50000e-01	5.00000e-01	-0.00000e+00

7.70000e-01	0.00000e+00	-1.06478e-02
7.70000e-01	1.00000e-02	-1.06478e-02
7.70000e-01	2.00000e-02	-1.06478e-02
7.70000e-01	3.00000e-02	-1.06456e-02
7.70000e-01	4.00000e-02	-1.06402e-02
7.70000e-01	5.00000e-02	-1.06309e-02
7.70000e-01	6.00000e-02	-1.06175e-02
7.70000e-01	7.00000e-02	-1.05997e-02
7.70000e-01	8.00000e-02	-1.05771e-02
7.70000e-01	9.00000e-02	-1.05492e-02
7.70000e-01	1.00000e-01	-1.05152e-02
7.70000e-01	1.10000e-01	-1.04743e-02
7.70000e-01	1.20000e-01	-1.04251e-02
7.70000e-01	1.30000e-01	-1.03664e-02
7.70000e-01	1.40000e-01	-1.02965e-02
7.70000e-01	1.50000e-01	-1.02137e-02
7.70000e-01	1.60000e-01	-1.01160e-02
7.70000e-01	1.70000e-01	-1.00016e-02
7.70000e-01	1.80000e-01	-9.86861e-03
7.70000e-01	1.90000e-01	-9.71507e-03
7.70000e-01	2.00000e-01	-9.53929e-03
7.70000e-01	2.10000e-01	-9.33975e-03
7.70000e-01	2.20000e-01	-9.11518e-03
7.70000e-01	2.30000e-01	-8.86467e-03
7.70000e-01	2.40000e-01	-8.58767e-03
7.70000e-01	2.50000e-01	-8.28408e-03
7.70000e-01	2.60000e-01	-7.95430e-03
7.70000e-01	2.70000e-01	-7.59922e-03
7.70000e-01	2.80000e-01	-7.22029e-03
7.70000e-01	2.90000e-01	-6.81948e-03
7.70000e-01	3.00000e-01	-6.39931e-03
7.70000e-01	3.10000e-01	-5.96279e-03
7.70000e-01	3.20000e-01	-5.51342e-03
7.70000e-01	3.30000e-01	-5.05508e-03
7.70000e-01	3.40000e-01	-4.59204e-03
7.70000e-01	3.50000e-01	-4.12881e-03
7.70000e-01	3.60000e-01	-3.67009e-03
7.70000e-01	3.70000e-01	-3.22068e-03
7.70000e-01	3.80000e-01	-2.78539e-03
7.70000e-01	3.90000e-01	-2.36890e-03
7.70000e-01	4.00000e-01	-1.97572e-03
7.70000e-01	4.10000e-01	-1.61005e-03
7.70000e-01	4.20000e-01	-1.27572e-03
7.70000e-01	4.30000e-01	-9.76099e-04
7.70000e-01	4.40000e-01	-7.14010e-04
7.70000e-01	4.50000e-01	-4.91647e-04
7.70000e-01	4.60000e-01	-3.10514e-04
7.70000e-01	4.70000e-01	-1.71342e-04
7.70000e-01	4.80000e-01	-7.40301e-05
7.70000e-01	4.90000e-01	-1.75712e-05
7.70000e-01	5.00000e-01	-0.00000e+00

7.90000e-01	0.00000e+00	-9.01829e-03
7.90000e-01	1.00000e-02	-9.01829e-03
7.90000e-01	2.00000e-02	-9.01829e-03
7.90000e-01	3.00000e-02	-9.01587e-03
7.90000e-01	4.00000e-02	-9.00952e-03
7.90000e-01	5.00000e-02	-8.99832e-03
7.90000e-01	6.00000e-02	-8.98173e-03
7.90000e-01	7.00000e-02	-8.95939e-03
7.90000e-01	8.00000e-02	-8.93098e-03
7.90000e-01	9.00000e-02	-8.89619e-03
7.90000e-01	1.00000e-01	-8.85457e-03
7.90000e-01	1.10000e-01	-8.80557e-03
7.90000e-01	1.20000e-01	-8.74848e-03
7.90000e-01	1.30000e-01	-8.68244e-03
7.90000e-01	1.40000e-01	-8.60643e-03
7.90000e-01	1.50000e-01	-8.51931e-03
7.90000e-01	1.60000e-01	-8.41987e-03
7.90000e-01	1.70000e-01	-8.30682e-03
7.90000e-01	1.80000e-01	-8.17885e-03
7.90000e-01	1.90000e-01	-8.03473e-03
7.90000e-01	2.00000e-01	-7.87328e-03
7.90000e-01	2.10000e-01	-7.69350e-03
7.90000e-01	2.20000e-01	-7.49455e-03
7.90000e-01	2.30000e-01	-7.27587e-03
7.90000e-01	2.40000e-01	-7.03717e-03
7.90000e-01	2.50000e-01	-6.77850e-03
7.90000e-01	2.60000e-01	-6.50024e-03
7.90000e-01	2.70000e-01	-6.20320e-03
7.90000e-01	2.80000e-01	-5.88854e-03
7.90000e-01	2.90000e-01	-5.55783e-03
7.90000e-01	3.00000e-01	-5.21301e-03
7.90000e-01	3.10000e-01	-4.85642e-03
7.90000e-01	3.20000e-01	-4.49068e-03
7.90000e-01	3.30000e-01	-4.11875e-03
7.90000e-01	3.40000e-01	-3.74380e-03
7.90000e-01	3.50000e-01	-3.36922e-03
7.90000e-01	3.60000e-01	-2.99853e-03
7.90000e-01	3.70000e-01	-2.63533e-03
7.90000e-01	3.80000e-01	-2.28324e-03
7.90000e-01	3.90000e-01	-1.94582e-03
7.90000e-01	4.00000e-01	-1.62657e-03
7.90000e-01	4.10000e-01	-1.32880e-03
7.90000e-01	4.20000e-01	-1.05561e-03
7.90000e-01	4.30000e-01	-8.09822e-04
7.90000e-01	4.40000e-01	-5.93911e-04
7.90000e-01	4.50000e-01	-4.09932e-04
7.90000e-01	4.60000e-01	-2.59434e-04
7.90000e-01	4.70000e-01	-1.43367e-04
7.90000e-01	4.80000e-01	-6.19781e-05
7.90000e-01	4.90000e-01	-1.46926e-05
7.90000e-01	5.00000e-01	-0.00000e+00

8.10000e-01	0.00000e+00	-7.41178e-03
8.10000e-01	1.00000e-02	-7.41178e-03
8.10000e-01	2.00000e-02	-7.41179e-03
8.10000e-01	3.00000e-02	-7.40939e-03
8.10000e-01	4.00000e-02	-7.40284e-03
8.10000e-01	5.00000e-02	-7.39101e-03
8.10000e-01	6.00000e-02	-7.37321e-03
8.10000e-01	7.00000e-02	-7.34907e-03
8.10000e-01	8.00000e-02	-7.31837e-03
8.10000e-01	9.00000e-02	-7.28097e-03
8.10000e-01	1.00000e-01	-7.23674e-03
8.10000e-01	1.10000e-01	-7.18549e-03
8.10000e-01	1.20000e-01	-7.12694e-03
8.10000e-01	1.30000e-01	-7.06071e-03
8.10000e-01	1.40000e-01	-6.98630e-03
8.10000e-01	1.50000e-01	-6.90310e-03
8.10000e-01	1.60000e-01	-6.81042e-03
8.10000e-01	1.70000e-01	-6.70749e-03
8.10000e-01	1.80000e-01	-6.59351e-03
8.10000e-01	1.90000e-01	-6.46768e-03
8.10000e-01	2.00000e-01	-6.32926e-03
8.10000e-01	2.10000e-01	-6.17757e-03
8.10000e-01	2.20000e-01	-6.01208e-03
8.10000e-01	2.30000e-01	-5.83241e-03
8.10000e-01	2.40000e-01	-5.63837e-03
8.10000e-01	2.50000e-01	-5.43001e-03
8.10000e-01	2.60000e-01	-5.20762e-03
8.10000e-01	2.70000e-01	-4.97175e-03
8.10000e-01	2.80000e-01	-4.72322e-03
8.10000e-01	2.90000e-01	-4.46311e-03
8.10000e-01	3.00000e-01	-4.19278e-03
8.10000e-01	3.10000e-01	-3.91380e-03
8.10000e-01	3.20000e-01	-3.62799e-03
8.10000e-01	3.30000e-01	-3.33737e-03
8.10000e-01	3.40000e-01	-3.04410e-03
8.10000e-01	3.50000e-01	-2.75052e-03
8.10000e-01	3.60000e-01	-2.45906e-03
8.10000e-01	3.70000e-01	-2.17224e-03
8.10000e-01	3.80000e-01	-1.89265e-03
8.10000e-01	3.90000e-01	-1.62293e-03
8.10000e-01	4.00000e-01	-1.36571e-03
8.10000e-01	4.10000e-01	-1.12363e-03
8.10000e-01	4.20000e-01	-8.99307e-04
8.10000e-01	4.30000e-01	-6.95276e-04
8.10000e-01	4.40000e-01	-5.13956e-04
8.10000e-01	4.50000e-01	-3.57577e-04
8.10000e-01	4.60000e-01	-2.28080e-04
8.10000e-01	4.70000e-01	-1.26999e-04
8.10000e-01	4.80000e-01	-5.53014e-05
8.10000e-01	4.90000e-01	-1.32099e-05
8.10000e-01	5.00000e-01	-0.00000e+00

8.30000e-01	0.00000e+00	-5.86291e-03
8.30000e-01	1.00000e-02	-5.86291e-03
8.30000e-01	2.00000e-02	-5.86291e-03
8.30000e-01	3.00000e-02	-5.86069e-03
8.30000e-01	4.00000e-02	-5.85433e-03
8.30000e-01	5.00000e-02	-5.84258e-03
8.30000e-01	6.00000e-02	-5.82471e-03
8.30000e-01	7.00000e-02	-5.80037e-03
8.30000e-01	8.00000e-02	-5.76948e-03
8.30000e-01	9.00000e-02	-5.73214e-03
8.30000e-01	1.00000e-01	-5.68854e-03
8.30000e-01	1.10000e-01	-5.63885e-03
8.30000e-01	1.20000e-01	-5.58323e-03
8.30000e-01	1.30000e-01	-5.52174e-03
8.30000e-01	1.40000e-01	-5.45433e-03
8.30000e-01	1.50000e-01	-5.38085e-03
8.30000e-01	1.60000e-01	-5.30104e-03
8.30000e-01	1.70000e-01	-5.21455e-03
8.30000e-01	1.80000e-01	-5.12096e-03
8.30000e-01	1.90000e-01	-5.01979e-03
8.30000e-01	2.00000e-01	-4.91058e-03
8.30000e-01	2.10000e-01	-4.79288e-03
8.30000e-01	2.20000e-01	-4.66629e-03
8.30000e-01	2.30000e-01	-4.53052e-03
8.30000e-01	2.40000e-01	-4.38535e-03
8.30000e-01	2.50000e-01	-4.23075e-03
8.30000e-01	2.60000e-01	-4.06678e-03
8.30000e-01	2.70000e-01	-3.89370e-03
8.30000e-01	2.80000e-01	-3.71191e-03
8.30000e-01	2.90000e-01	-3.52198e-03
8.30000e-01	3.00000e-01	-3.32461e-03
8.30000e-01	3.10000e-01	-3.12068e-03
8.30000e-01	3.20000e-01	-2.91116e-03
8.30000e-01	3.30000e-01	-2.69717e-03
8.30000e-01	3.40000e-01	-2.47991e-03
8.30000e-01	3.50000e-01	-2.26071e-03
8.30000e-01	3.60000e-01	-2.04096e-03
8.30000e-01	3.70000e-01	-1.82221e-03
8.30000e-01	3.80000e-01	-1.60607e-03
8.30000e-01	3.90000e-01	-1.39431e-03
8.30000e-01	4.00000e-01	-1.18885e-03
8.30000e-01	4.10000e-01	-9.91786e-04
8.30000e-01	4.20000e-01	-8.05380e-04
8.30000e-01	4.30000e-01	-6.32087e-04
8.30000e-01	4.40000e-01	-4.74515e-04
8.30000e-01	4.50000e-01	-3.35369e-04
8.30000e-01	4.60000e-01	-2.17348e-04
8.30000e-01	4.70000e-01	-1.22990e-04
8.30000e-01	4.80000e-01	-5.44603e-05
8.30000e-01	4.90000e-01	-1.32784e-05
8.30000e-01	5.00000e-01	-0.00000e+00

8.50000e-01	0.00000e+00	-4.40629e-03
8.50000e-01	1.00000e-02	-4.40629e-03
8.50000e-01	2.00000e-02	-4.40629e-03
8.50000e-01	3.00000e-02	-4.40424e-03
8.50000e-01	4.00000e-02	-4.39807e-03
8.50000e-01	5.00000e-02	-4.38645e-03
8.50000e-01	6.00000e-02	-4.36864e-03
8.50000e-01	7.00000e-02	-4.34441e-03
8.50000e-01	8.00000e-02	-4.31390e-03
8.50000e-01	9.00000e-02	-4.27753e-03
8.50000e-01	1.00000e-01	-4.23585e-03
8.50000e-01	1.10000e-01	-4.18946e-03
8.50000e-01	1.20000e-01	-4.13895e-03
8.50000e-01	1.30000e-01	-4.08482e-03
8.50000e-01	1.40000e-01	-4.02744e-03
8.50000e-01	1.50000e-01	-3.96706e-03
8.50000e-01	1.60000e-01	-3.90378e-03
8.50000e-01	1.70000e-01	-3.83757e-03
8.50000e-01	1.80000e-01	-3.76827e-03
8.50000e-01	1.90000e-01	-3.69565e-03
8.50000e-01	2.00000e-01	-3.61939e-03
8.50000e-01	2.10000e-01	-3.53916e-03
8.50000e-01	2.20000e-01	-3.45461e-03
8.50000e-01	2.30000e-01	-3.36541e-03
8.50000e-01	2.40000e-01	-3.27126e-03
8.50000e-01	2.50000e-01	-3.17194e-03
8.50000e-01	2.60000e-01	-3.06726e-03
8.50000e-01	2.70000e-01	-2.95713e-03
8.50000e-01	2.80000e-01	-2.84151e-03
8.50000e-01	2.90000e-01	-2.72043e-03
8.50000e-01	3.00000e-01	-2.59397e-03
8.50000e-01	3.10000e-01	-2.46229e-03
8.50000e-01	3.20000e-01	-2.32557e-03
8.50000e-01	3.30000e-01	-2.18403e-03
8.50000e-01	3.40000e-01	-2.03794e-03
8.50000e-01	3.50000e-01	-1.88764e-03
8.50000e-01	3.60000e-01	-1.73353e-03
8.50000e-01	3.70000e-01	-1.57614e-03
8.50000e-01	3.80000e-01	-1.41617e-03
8.50000e-01	3.90000e-01	-1.25451e-03
8.50000e-01	4.00000e-01	-1.09238e-03
8.50000e-01	4.10000e-01	-9.31336e-04
8.50000e-01	4.20000e-01	-7.73369e-04
8.50000e-01	4.30000e-01	-6.20953e-04
8.50000e-01	4.40000e-01	-4.77061e-04
8.50000e-01	4.50000e-01	-3.45140e-04
8.50000e-01	4.60000e-01	-2.29024e-04
8.50000e-01	4.70000e-01	-1.32750e-04
8.50000e-01	4.80000e-01	-6.02932e-05
8.50000e-01	4.90000e-01	-1.51788e-05
8.50000e-01	5.00000e-01	-0.00000e+00

8.70000e-01	0.00000e+00	-3.07885e-03
8.70000e-01	1.00000e-02	-3.07885e-03
8.70000e-01	2.00000e-02	-3.07885e-03
8.70000e-01	3.00000e-02	-3.07678e-03
8.70000e-01	4.00000e-02	-3.07034e-03
8.70000e-01	5.00000e-02	-3.05810e-03
8.70000e-01	6.00000e-02	-3.03938e-03
8.70000e-01	7.00000e-02	-3.01419e-03
8.70000e-01	8.00000e-02	-2.98302e-03
8.70000e-01	9.00000e-02	-2.94670e-03
8.70000e-01	1.00000e-01	-2.90629e-03
8.70000e-01	1.10000e-01	-2.86286e-03
8.70000e-01	1.20000e-01	-2.81750e-03
8.70000e-01	1.30000e-01	-2.77113e-03
8.70000e-01	1.40000e-01	-2.72454e-03
8.70000e-01	1.50000e-01	-2.67831e-03
8.70000e-01	1.60000e-01	-2.63285e-03
8.70000e-01	1.70000e-01	-2.58833e-03
8.70000e-01	1.80000e-01	-2.54480e-03
8.70000e-01	1.90000e-01	-2.50214e-03
8.70000e-01	2.00000e-01	-2.46010e-03
8.70000e-01	2.10000e-01	-2.41837e-03
8.70000e-01	2.20000e-01	-2.37657e-03
8.70000e-01	2.30000e-01	-2.33427e-03
8.70000e-01	2.40000e-01	-2.29102e-03
8.70000e-01	2.50000e-01	-2.24639e-03
8.70000e-01	2.60000e-01	-2.19992e-03
8.70000e-01	2.70000e-01	-2.15115e-03
8.70000e-01	2.80000e-01	-2.09961e-03
8.70000e-01	2.90000e-01	-2.04483e-03
8.70000e-01	3.00000e-01	-1.98631e-03
8.70000e-01	3.10000e-01	-1.92351e-03
8.70000e-01	3.20000e-01	-1.85586e-03
8.70000e-01	3.30000e-01	-1.78273e-03
8.70000e-01	3.40000e-01	-1.70350e-03
8.70000e-01	3.50000e-01	-1.61753e-03
8.70000e-01	3.60000e-01	-1.52422e-03
8.70000e-01	3.70000e-01	-1.42307e-03
8.70000e-01	3.80000e-01	-1.31379e-03
8.70000e-01	3.90000e-01	-1.19636e-03
8.70000e-01	4.00000e-01	-1.07118e-03
8.70000e-01	4.10000e-01	-9.39187e-04
8.70000e-01	4.20000e-01	-8.02040e-04
8.70000e-01	4.30000e-01	-6.62204e-04
8.70000e-01	4.40000e-01	-5.23074e-04
8.70000e-01	4.50000e-01	-3.89023e-04
8.70000e-01	4.60000e-01	-2.65357e-04
8.70000e-01	4.70000e-01	-1.58158e-04
8.70000e-01	4.80000e-01	-7.39758e-05
8.70000e-01	4.90000e-01	-1.93262e-05
8.70000e-01	5.00000e-01	-0.00000e+00

8.90000e-01	0.00000e+00	-1.92153e-03
8.90000e-01	1.00000e-02	-1.92153e-03
8.90000e-01	2.00000e-02	-1.92153e-03
8.90000e-01	3.00000e-02	-1.91904e-03
8.90000e-01	4.00000e-02	-1.91132e-03
8.90000e-01	5.00000e-02	-1.89682e-03
8.90000e-01	6.00000e-02	-1.87506e-03
8.90000e-01	7.00000e-02	-1.84644e-03
8.90000e-01	8.00000e-02	-1.81200e-03
8.90000e-01	9.00000e-02	-1.77319e-03
8.90000e-01	1.00000e-01	-1.73166e-03
8.90000e-01	1.10000e-01	-1.68910e-03
8.90000e-01	1.20000e-01	-1.64709e-03
8.90000e-01	1.30000e-01	-1.60701e-03
8.90000e-01	1.40000e-01	-1.57000e-03
8.90000e-01	1.50000e-01	-1.53693e-03
8.90000e-01	1.60000e-01	-1.50839e-03
8.90000e-01	1.70000e-01	-1.48472e-03
8.90000e-01	1.80000e-01	-1.46603e-03
8.90000e-01	1.90000e-01	-1.45223e-03
8.90000e-01	2.00000e-01	-1.44309e-03
8.90000e-01	2.10000e-01	-1.43821e-03
8.90000e-01	2.20000e-01	-1.43713e-03
8.90000e-01	2.30000e-01	-1.43929e-03
8.90000e-01	2.40000e-01	-1.44408e-03
8.90000e-01	2.50000e-01	-1.45084e-03
8.90000e-01	2.60000e-01	-1.45886e-03
8.90000e-01	2.70000e-01	-1.46735e-03
8.90000e-01	2.80000e-01	-1.47550e-03
8.90000e-01	2.90000e-01	-1.48237e-03
8.90000e-01	3.00000e-01	-1.48695e-03
8.90000e-01	3.10000e-01	-1.48812e-03
8.90000e-01	3.20000e-01	-1.48463e-03
8.90000e-01	3.30000e-01	-1.47511e-03
8.90000e-01	3.40000e-01	-1.45808e-03
8.90000e-01	3.50000e-01	-1.43199e-03
8.90000e-01	3.60000e-01	-1.39524e-03
8.90000e-01	3.70000e-01	-1.34629e-03
8.90000e-01	3.80000e-01	-1.28379e-03
8.90000e-01	3.90000e-01	-1.20666e-03
8.90000e-01	4.00000e-01	-1.11433e-03
8.90000e-01	4.10000e-01	-1.00695e-03
8.90000e-01	4.20000e-01	-8.85573e-04
8.90000e-01	4.30000e-01	-7.52475e-04
8.90000e-01	4.40000e-01	-6.11333e-04
8.90000e-01	4.50000e-01	-4.67425e-04
8.90000e-01	4.60000e-01	-3.27725e-04
8.90000e-01	4.70000e-01	-2.00841e-04
8.90000e-01	4.80000e-01	-9.67468e-05
8.90000e-01	4.90000e-01	-2.62313e-05
8.90000e-01	5.00000e-01	-0.00000e+00

9.10000e-01	0.00000e+00	-9.79590e-04
9.10000e-01	1.00000e-02	-9.79590e-04
9.10000e-01	2.00000e-02	-9.79586e-04
9.10000e-01	3.00000e-02	-9.75969e-04
9.10000e-01	4.00000e-02	-9.65336e-04
9.10000e-01	5.00000e-02	-9.46082e-04
9.10000e-01	6.00000e-02	-9.18130e-04
9.10000e-01	7.00000e-02	-8.82562e-04
9.10000e-01	8.00000e-02	-8.41225e-04
9.10000e-01	9.00000e-02	-7.96384e-04
9.10000e-01	1.00000e-01	-7.50436e-04
9.10000e-01	1.10000e-01	-7.05694e-04
9.10000e-01	1.20000e-01	-6.64241e-04
9.10000e-01	1.30000e-01	-6.27841e-04
9.10000e-01	1.40000e-01	-5.97897e-04
9.10000e-01	1.50000e-01	-5.75442e-04
9.10000e-01	1.60000e-01	-5.61157e-04
9.10000e-01	1.70000e-01	-5.55405e-04
9.10000e-01	1.80000e-01	-5.58276e-04
9.10000e-01	1.90000e-01	-5.69625e-04
9.10000e-01	2.00000e-01	-5.89123e-04
9.10000e-01	2.10000e-01	-6.16291e-04
9.10000e-01	2.20000e-01	-6.50537e-04
9.10000e-01	2.30000e-01	-6.91173e-04
9.10000e-01	2.40000e-01	-7.37438e-04
9.10000e-01	2.50000e-01	-7.88495e-04
9.10000e-01	2.60000e-01	-8.43435e-04
9.10000e-01	2.70000e-01	-9.01261e-04
9.10000e-01	2.80000e-01	-9.60872e-04
9.10000e-01	2.90000e-01	-1.02104e-03
9.10000e-01	3.00000e-01	-1.08038e-03
9.10000e-01	3.10000e-01	-1.13733e-03
9.10000e-01	3.20000e-01	-1.19015e-03
9.10000e-01	3.30000e-01	-1.23686e-03
9.10000e-01	3.40000e-01	-1.27531e-03
9.10000e-01	3.50000e-01	-1.30313e-03
9.10000e-01	3.60000e-01	-1.31784e-03
9.10000e-01	3.70000e-01	-1.31693e-03
9.10000e-01	3.80000e-01	-1.29793e-03
9.10000e-01	3.90000e-01	-1.25864e-03
9.10000e-01	4.00000e-01	-1.19736e-03
9.10000e-01	4.10000e-01	-1.11312e-03
9.10000e-01	4.20000e-01	-1.00607e-03
9.10000e-01	4.30000e-01	-8.77851e-04
9.10000e-01	4.40000e-01	-7.31985e-04
9.10000e-01	4.50000e-01	-5.74301e-04
9.10000e-01	4.60000e-01	-4.13253e-04
9.10000e-01	4.70000e-01	-2.60125e-04
9.10000e-01	4.80000e-01	-1.28988e-04
9.10000e-01	4.90000e-01	-3.63013e-05
9.10000e-01	5.00000e-01	-0.00000e+00

9.30000e-01	0.00000e+00	-2.99678e-04
9.30000e-01	1.00000e-02	-2.99678e-04
9.30000e-01	2.00000e-02	-2.99671e-04
9.30000e-01	3.00000e-02	-2.93924e-04
9.30000e-01	4.00000e-02	-2.78270e-04
9.30000e-01	5.00000e-02	-2.51356e-04
9.30000e-01	6.00000e-02	-2.13936e-04
9.30000e-01	7.00000e-02	-1.68148e-04
9.30000e-01	8.00000e-02	-1.16888e-04
9.30000e-01	9.00000e-02	-6.33341e-05
9.30000e-01	1.00000e-01	-1.05987e-05
9.30000e-01	1.10000e-01	3.84884e-05
9.30000e-01	1.20000e-01	8.15109e-05
9.30000e-01	1.30000e-01	1.16523e-04
9.30000e-01	1.40000e-01	1.42056e-04
9.30000e-01	1.50000e-01	1.57096e-04
9.30000e-01	1.60000e-01	1.61036e-04
9.30000e-01	1.70000e-01	1.53618e-04
9.30000e-01	1.80000e-01	1.34878e-04
9.30000e-01	1.90000e-01	1.05086e-04
9.30000e-01	2.00000e-01	6.46919e-05
9.30000e-01	2.10000e-01	1.42874e-05
9.30000e-01	2.20000e-01	-4.54321e-05
9.30000e-01	2.30000e-01	-1.13690e-04
9.30000e-01	2.40000e-01	-1.89639e-04
9.30000e-01	2.50000e-01	-2.72367e-04
9.30000e-01	2.60000e-01	-3.60887e-04
9.30000e-01	2.70000e-01	-4.54118e-04
9.30000e-01	2.80000e-01	-5.50863e-04
9.30000e-01	2.90000e-01	-6.49779e-04
9.30000e-01	3.00000e-01	-7.49337e-04
9.30000e-01	3.10000e-01	-8.47793e-04
9.30000e-01	3.20000e-01	-9.43150e-04
9.30000e-01	3.30000e-01	-1.03313e-03
9.30000e-01	3.40000e-01	-1.11518e-03
9.30000e-01	3.50000e-01	-1.18645e-03
9.30000e-01	3.60000e-01	-1.24384e-03
9.30000e-01	3.70000e-01	-1.28406e-03
9.30000e-01	3.80000e-01	-1.30377e-03
9.30000e-01	3.90000e-01	-1.29973e-03
9.30000e-01	4.00000e-01	-1.26903e-03
9.30000e-01	4.10000e-01	-1.20946e-03
9.30000e-01	4.20000e-01	-1.11986e-03
9.30000e-01	4.30000e-01	-1.00067e-03
9.30000e-01	4.40000e-01	-8.54528e-04
9.30000e-01	4.50000e-01	-6.86926e-04
9.30000e-01	4.60000e-01	-5.06922e-04
9.30000e-01	4.70000e-01	-3.27796e-04
9.30000e-01	4.80000e-01	-1.67554e-04
9.30000e-01	4.90000e-01	-4.91149e-05
9.30000e-01	5.00000e-01	-0.00000e+00

9.50000e-01	0.00000e+00	7.96363e-05
9.50000e-01	1.00000e-02	7.96363e-05
9.50000e-01	2.00000e-02	7.96447e-05
9.50000e-01	3.00000e-02	8.85560e-05
9.50000e-01	4.00000e-02	1.10749e-04
9.50000e-01	5.00000e-02	1.46540e-04
9.50000e-01	6.00000e-02	1.93790e-04
9.50000e-01	7.00000e-02	2.49102e-04
9.50000e-01	8.00000e-02	3.08638e-04
9.50000e-01	9.00000e-02	3.68628e-04
9.50000e-01	1.00000e-01	4.25672e-04
9.50000e-01	1.10000e-01	4.76888e-04
9.50000e-01	1.20000e-01	5.19969e-04
9.50000e-01	1.30000e-01	5.53174e-04
9.50000e-01	1.40000e-01	5.75288e-04
9.50000e-01	1.50000e-01	5.85558e-04
9.50000e-01	1.60000e-01	5.83623e-04
9.50000e-01	1.70000e-01	5.69440e-04
9.50000e-01	1.80000e-01	5.43222e-04
9.50000e-01	1.90000e-01	5.05370e-04
9.50000e-01	2.00000e-01	4.56426e-04
9.50000e-01	2.10000e-01	3.97033e-04
9.50000e-01	2.20000e-01	3.27900e-04
9.50000e-01	2.30000e-01	2.49786e-04
9.50000e-01	2.40000e-01	1.63489e-04
9.50000e-01	2.50000e-01	6.98514e-05
9.50000e-01	2.60000e-01	-3.02352e-05
9.50000e-01	2.70000e-01	-1.35805e-04
9.50000e-01	2.80000e-01	-2.45791e-04
9.50000e-01	2.90000e-01	-3.58992e-04
9.50000e-01	3.00000e-01	-4.74033e-04
9.50000e-01	3.10000e-01	-5.89322e-04
9.50000e-01	3.20000e-01	-7.03009e-04
9.50000e-01	3.30000e-01	-8.12949e-04
9.50000e-01	3.40000e-01	-9.16670e-04
9.50000e-01	3.50000e-01	-1.01136e-03
9.50000e-01	3.60000e-01	-1.09387e-03
9.50000e-01	3.70000e-01	-1.16076e-03
9.50000e-01	3.80000e-01	-1.20834e-03
9.50000e-01	3.90000e-01	-1.23287e-03
9.50000e-01	4.00000e-01	-1.23068e-03
9.50000e-01	4.10000e-01	-1.19852e-03
9.50000e-01	4.20000e-01	-1.13391e-03
9.50000e-01	4.30000e-01	-1.03571e-03
9.50000e-01	4.40000e-01	-9.04830e-04
9.50000e-01	4.50000e-01	-7.45072e-04
9.50000e-01	4.60000e-01	-5.64255e-04
9.50000e-01	4.70000e-01	-3.75468e-04
9.50000e-01	4.80000e-01	-1.98450e-04
9.50000e-01	4.90000e-01	-6.09499e-05
9.50000e-01	5.00000e-01	-0.00000e+00

9.70000e-01	0.00000e+00	1.51755e-04
9.70000e-01	1.00000e-02	1.51755e-04
9.70000e-01	2.00000e-02	1.51764e-04
9.70000e-01	3.00000e-02	1.63033e-04
9.70000e-01	4.00000e-02	1.88000e-04
9.70000e-01	5.00000e-02	2.25052e-04
9.70000e-01	6.00000e-02	2.70921e-04
9.70000e-01	7.00000e-02	3.21903e-04
9.70000e-01	8.00000e-02	3.74462e-04
9.70000e-01	9.00000e-02	4.25506e-04
9.70000e-01	1.00000e-01	4.72489e-04
9.70000e-01	1.10000e-01	5.13419e-04
9.70000e-01	1.20000e-01	5.46822e-04
9.70000e-01	1.30000e-01	5.71682e-04
9.70000e-01	1.40000e-01	5.87373e-04
9.70000e-01	1.50000e-01	5.93589e-04
9.70000e-01	1.60000e-01	5.90283e-04
9.70000e-01	1.70000e-01	5.77601e-04
9.70000e-01	1.80000e-01	5.55839e-04
9.70000e-01	1.90000e-01	5.25393e-04
9.70000e-01	2.00000e-01	4.86728e-04
9.70000e-01	2.10000e-01	4.40350e-04
9.70000e-01	2.20000e-01	3.86787e-04
9.70000e-01	2.30000e-01	3.26578e-04
9.70000e-01	2.40000e-01	2.60267e-04
9.70000e-01	2.50000e-01	1.88412e-04
9.70000e-01	2.60000e-01	1.11587e-04
9.70000e-01	2.70000e-01	3.04072e-05
9.70000e-01	2.80000e-01	-5.44584e-05
9.70000e-01	2.90000e-01	-1.42254e-04
9.70000e-01	3.00000e-01	-2.32109e-04
9.70000e-01	3.10000e-01	-3.23001e-04
9.70000e-01	3.20000e-01	-4.13724e-04
9.70000e-01	3.30000e-01	-5.02852e-04
9.70000e-01	3.40000e-01	-5.88706e-04
9.70000e-01	3.50000e-01	-6.69328e-04
9.70000e-01	3.60000e-01	-7.42470e-04
9.70000e-01	3.70000e-01	-8.05595e-04
9.70000e-01	3.80000e-01	-8.55900e-04
9.70000e-01	3.90000e-01	-8.90372e-04
9.70000e-01	4.00000e-01	-9.05896e-04
9.70000e-01	4.10000e-01	-8.99409e-04
9.70000e-01	4.20000e-01	-8.68145e-04
9.70000e-01	4.30000e-01	-8.09998e-04
9.70000e-01	4.40000e-01	-7.24044e-04
9.70000e-01	4.50000e-01	-6.11304e-04
9.70000e-01	4.60000e-01	-4.75851e-04
9.70000e-01	4.70000e-01	-3.26378e-04
9.70000e-01	4.80000e-01	-1.78383e-04
9.70000e-01	4.90000e-01	-5.69884e-05
9.70000e-01	5.00000e-01	-0.00000e+00

9.90000e-01	0.00000e+00	1.74660e-07
9.90000e-01	1.00000e-02	1.74660e-07
9.90000e-01	2.00000e-02	1.69789e-07
9.90000e-01	3.00000e-02	1.63251e-07
9.90000e-01	4.00000e-02	1.55769e-07
9.90000e-01	5.00000e-02	1.47954e-07
9.90000e-01	6.00000e-02	1.40291e-07
9.90000e-01	7.00000e-02	1.33149e-07
9.90000e-01	8.00000e-02	1.26793e-07
9.90000e-01	9.00000e-02	1.21397e-07
9.90000e-01	1.00000e-01	1.17052e-07
9.90000e-01	1.10000e-01	1.13788e-07
9.90000e-01	1.20000e-01	1.11579e-07
9.90000e-01	1.30000e-01	1.10358e-07
9.90000e-01	1.40000e-01	1.10029e-07
9.90000e-01	1.50000e-01	1.10473e-07
9.90000e-01	1.60000e-01	1.11558e-07
9.90000e-01	1.70000e-01	1.13147e-07
9.90000e-01	1.80000e-01	1.15103e-07
9.90000e-01	1.90000e-01	1.17294e-07
9.90000e-01	2.00000e-01	1.19593e-07
9.90000e-01	2.10000e-01	1.21885e-07
9.90000e-01	2.20000e-01	1.24064e-07
9.90000e-01	2.30000e-01	1.26038e-07
9.90000e-01	2.40000e-01	1.27723e-07
9.90000e-01	2.50000e-01	1.29046e-07
9.90000e-01	2.60000e-01	1.29941e-07
9.90000e-01	2.70000e-01	1.30351e-07
9.90000e-01	2.80000e-01	1.30223e-07
9.90000e-01	2.90000e-01	1.29507e-07
9.90000e-01	3.00000e-01	1.28155e-07
9.90000e-01	3.10000e-01	1.26119e-07
9.90000e-01	3.20000e-01	1.23353e-07
9.90000e-01	3.30000e-01	1.19809e-07
9.90000e-01	3.40000e-01	1.15440e-07
9.90000e-01	3.50000e-01	1.10206e-07
9.90000e-01	3.60000e-01	1.04072e-07
9.90000e-01	3.70000e-01	9.70157e-08
9.90000e-01	3.80000e-01	8.90383e-08
9.90000e-01	3.90000e-01	8.01690e-08
9.90000e-01	4.00000e-01	7.04786e-08
9.90000e-01	4.10000e-01	6.00916e-08
9.90000e-01	4.20000e-01	4.91997e-08
9.90000e-01	4.30000e-01	3.80771e-08
9.90000e-01	4.40000e-01	2.70952e-08
9.90000e-01	4.50000e-01	1.67380e-08
9.90000e-01	4.60000e-01	7.61584e-09
9.90000e-01	4.70000e-01	4.76034e-10
9.90000e-01	4.80000e-01	-3.79519e-09
9.90000e-01	4.90000e-01	-4.19349e-09
9.90000e-01	5.00000e-01	-0.00000e+00

1.00000e+00	0.00000e+00	1.74660e-07
1.00000e+00	1.00000e-02	1.74660e-07
1.00000e+00	2.00000e-02	1.69789e-07
1.00000e+00	3.00000e-02	1.63251e-07
1.00000e+00	4.00000e-02	1.55769e-07
1.00000e+00	5.00000e-02	1.47954e-07
1.00000e+00	6.00000e-02	1.40291e-07
1.00000e+00	7.00000e-02	1.33149e-07
1.00000e+00	8.00000e-02	1.26793e-07
1.00000e+00	9.00000e-02	1.21397e-07
1.00000e+00	1.00000e-01	1.17052e-07
1.00000e+00	1.10000e-01	1.13788e-07
1.00000e+00	1.20000e-01	1.11579e-07
1.00000e+00	1.30000e-01	1.10358e-07
1.00000e+00	1.40000e-01	1.10029e-07
1.00000e+00	1.50000e-01	1.10473e-07
1.00000e+00	1.60000e-01	1.11558e-07
1.00000e+00	1.70000e-01	1.13147e-07
1.00000e+00	1.80000e-01	1.15103e-07
1.00000e+00	1.90000e-01	1.17294e-07
1.00000e+00	2.00000e-01	1.19593e-07
1.00000e+00	2.10000e-01	1.21885e-07
1.00000e+00	2.20000e-01	1.24064e-07
1.00000e+00	2.30000e-01	1.26038e-07
1.00000e+00	2.40000e-01	1.27723e-07
1.00000e+00	2.50000e-01	1.29046e-07
1.00000e+00	2.60000e-01	1.29941e-07
1.00000e+00	2.70000e-01	1.30351e-07
1.00000e+00	2.80000e-01	1.30223e-07
1.00000e+00	2.90000e-01	1.29507e-07
1.00000e+00	3.00000e-01	1.28155e-07
1.00000e+00	3.10000e-01	1.26119e-07
1.00000e+00	3.20000e-01	1.23353e-07
1.00000e+00	3.30000e-01	1.19809e-07
1.00000e+00	3.40000e-01	1.15440e-07
1.00000e+00	3.50000e-01	1.10206e-07
1.00000e+00	3.60000e-01	1.04072e-07
1.00000e+00	3.70000e-01	9.70157e-08
1.00000e+00	3.80000e-01	8.90383e-08
1.00000e+00	3.90000e-01	8.01690e-08
1.00000e+00	4.00000e-01	7.04786e-08
1.00000e+00	4.10000e-01	6.00916e-08
1.00000e+00	4.20000e-01	4.91997e-08
1.00000e+00	4.30000e-01	3.80771e-08
1.00000e+00	4.40000e-01	2.70952e-08
1.00000e+00	4.50000e-01	1.67380e-08
1.00000e+00	4.60000e-01	7.61584e-09
1.00000e+00	4.70000e-01	4.76034e-10
1.00000e+00	4.80000e-01	-3.79519e-09
1.00000e+00	4.90000e-01	-4.19349e-09
1.00000e+00	5.00000e-01	-0.00000e+00

