1.00000e-02	5.00000e-03	-3.21166e+00
1.00000e-02	1.50000e-02	-3.21166e+00
1.00000e-02	2.50000e-02	-3.21166e+00
1.00000e-02	3.50000e-02	-3.21829e+00
1.00000e-02	4.50000e-02	-3.22874e+00
1.00000e-02	5.50000e-02	-3.24281e+00
1.00000e-02	6.50000e-02	-3.26171e+00
1.00000e-02	7.50000e-02	-3.28760e+00
1.00000e-02	8.50000e-02	-3.32355e+00
1.00000e-02	9.50000e-02	-3.37365e+00
1.00000e-02	1.05000e-01	-3.44333e+00
1.00000e-02	1.15000e-01	-3.53977e+00
1.00000e-02	1.25000e-01	-3.67227e+00
1.00000e-02	1.35000e-01	-3.85260e+00
1.00000e-02	1.45000e-01	-4.09459e+00
1.00000e-02	1.55000e-01	-4.41184e+00
1.00000e-02	1.65000e-01	-4.80935e+00
1.00000e-02	1.75000e-01	-5.25797e+00
1.00000e-02	1.85000e-01	-5.61841e+00
1.00000e-02	1.95000e-01	-5.42354e+00
1.00000e-02	2.05000e-01	-3.32852e+00
1.00000e-02	2.15000e-01	4.38701e+01
1.00000e-02	2.25000e-01	1.41512e+00
1.00000e-02	2.35000e-01	9.75425e-01
1.00000e-02	2.45000e-01	9.13328e-01
1.00000e-02	2.55000e-01	8.17829e-01
1.00000e-02	2.65000e-01	2.21497e-01
1.00000e-02	2.75000e-01	-4.26806e+01
1.00000e-02	2.85000e-01	3.83731e+00
1.00000e-02	2.95000e-01	5.55402e+00
1.00000e-02	3.05000e-01	5.61462e+00
1.00000e-02	3.15000e-01	5.25470e+00
1.00000e-02	3.25000e-01	4.86931e+00
1.00000e-02	3.35000e-01	4.55219e+00
1.00000e-02	3.45000e-01	4.30182e+00
1.00000e-02	3.55000e-01	4.09210e+00
1.00000e-02	3.65000e-01	3.89521e+00
1.00000e-02	3.75000e-01	3.68838e+00
1.00000e-02	3.85000e-01	3.45529e+00
1.00000e-02	3.95000e-01	3.18608e+00
1.00000e-02	4.05000e-01	2.87702e+00
1.00000e-02	4.15000e-01	2.53011e+00
1.00000e-02	4.25000e-01	2.15266e+00
1.00000e-02	4.35000e-01	1.75684e+00
1.00000e-02	4.45000e-01	1.35886e+00
1.00000e-02	4.55000e-01	9.78062e-01
1.00000e-02	4.65000e-01	6.35483e-01
1.00000e-02	4.75000e-01	3.52046e-01
1.00000e-02	4.85000e-01	1.46020e-01
1.00000e-02	4.95000e-01	2.91690e-02

3.00000e-02	5.00000e-03	-1.04476e+00
3.00000e-02	1.50000e-02	-1.04476e+00
3.00000e-02	2.50000e-02	-1.05801e+00
3.00000e-02	3.50000e-02	-1.04846e+00
3.00000e-02	4.50000e-02	-1.04305e+00
3.00000e-02	5.50000e-02	-1.04020e+00
3.00000e-02	6.50000e-02	-1.03886e+00
3.00000e-02	7.50000e-02	-1.03835e+00
3.00000e-02	8.50000e-02	-1.03805e+00
3.00000e-02	9.50000e-02	-1.03724e+00
3.00000e-02	1.05000e-01	-1.03466e+00
3.00000e-02	1.15000e-01	-1.02785e+00
3.00000e-02	1.25000e-01	-1.01191e+00
3.00000e-02	1.35000e-01	-9.76885e-01
3.00000e-02	1.45000e-01	-9.02229e-01
3.00000e-02	1.55000e-01	-7.44479e-01
3.00000e-02	1.65000e-01	-4.08018e-01
3.00000e-02	1.75000e-01	3.26751e-01
3.00000e-02	1.85000e-01	1.97032e+00
3.00000e-02	1.95000e-01	5.58407e+00
3.00000e-02	2.05000e-01	1.25266e+01
3.00000e-02	2.15000e-01	2.08517e+01
3.00000e-02	2.25000e-01	4.80493e+00
3.00000e-02	2.35000e-01	1.35885e+00
3.00000e-02	2.45000e-01	3.19103e-01
3.00000e-02	2.55000e-01	-8.60458e-01
3.00000e-02	2.65000e-01	-4.71374e+00
3.00000e-02	2.75000e-01	-2.06934e+01
3.00000e-02	2.85000e-01	-1.12489e+01
3.00000e-02	2.95000e-01	-4.56328e+00
3.00000e-02	3.05000e-01	-1.31976e+00
3.00000e-02	3.15000e-01	6.44285e-02
3.00000e-02	3.25000e-01	6.27817e-01
3.00000e-02	3.35000e-01	8.44109e-01
3.00000e-02	3.45000e-01	9.11280e-01
3.00000e-02	3.55000e-01	9.12096e-01
3.00000e-02	3.65000e-01	8.81985e-01
3.00000e-02	3.75000e-01	8.36666e-01
3.00000e-02	3.85000e-01	7.83588e-01
3.00000e-02	3.95000e-01	7.26711e-01
3.00000e-02	4.05000e-01	6.68478e-01
3.00000e-02	4.15000e-01	6.10579e-01
3.00000e-02	4.25000e-01	5.54226e-01
3.00000e-02	4.35000e-01	5.00224e-01
3.00000e-02	4.45000e-01	4.48986e-01
3.00000e-02	4.55000e-01	4.00496e-01
3.00000e-02	4.65000e-01	3.54195e-01
3.00000e-02	4.75000e-01	3.08601e-01
3.00000e-02	4.85000e-01	2.60370e-01
3.00000e-02	4.95000e-01	2.02250e-01

5.00000e-02	5.00000e-03	-3.82108e-01
5.00000e-02	1.50000e-02	-3.82097e-01
5.00000e-02	2.50000e-02	-3.92792e-01
5.00000e-02	3.50000e-02	-3.90876e-01
5.00000e-02	4.50000e-02	-3.88052e-01
5.00000e-02	5.50000e-02	-3.83981e-01
5.00000e-02	6.50000e-02	-3.77955e-01
5.00000e-02	7.50000e-02	-3.68900e-01
5.00000e-02	8.50000e-02	-3.55226e-01
5.00000e-02	9.50000e-02	-3.34467e-01
5.00000e-02	1.05000e-01	-3.02624e-01
5.00000e-02	1.15000e-01	-2.52942e-01
5.00000e-02	1.25000e-01	-1.73618e-01
5.00000e-02	1.35000e-01	-4.34253e-02
5.00000e-02	1.45000e-01	1.76711e-01
5.00000e-02	1.55000e-01	5.59568e-01
5.00000e-02	1.65000e-01	1.23860e+00
5.00000e-02	1.75000e-01	2.44019e+00
5.00000e-02	1.85000e-01	4.47173e+00
5.00000e-02	1.95000e-01	7.52766e+00
5.00000e-02	2.05000e-01	1.06617e+01
5.00000e-02	2.15000e-01	1.27773e+01
5.00000e-02	2.25000e-01	5.48642e+00
5.00000e-02	2.35000e-01	1.81577e+00
5.00000e-02	2.45000e-01	4.80288e-02
5.00000e-02	2.55000e-01	-1.92246e+00
5.00000e-02	2.65000e-01	-5.97898e+00
5.00000e-02	2.75000e-01	-1.27337e+01
5.00000e-02	2.85000e-01	-9.56229e+00
5.00000e-02	2.95000e-01	-5.92993e+00
5.00000e-02	3.05000e-01	-3.21630e+00
5.00000e-02	3.15000e-01	-1.60899e+00
5.00000e-02	3.25000e-01	-7.65544e-01
5.00000e-02	3.35000e-01	-3.54550e-01
5.00000e-02	3.45000e-01	-1.64805e-01
5.00000e-02	3.55000e-01	-8.16454e-02
5.00000e-02	3.65000e-01	-4.63960e-02
5.00000e-02	3.75000e-01	-2.92005e-02
5.00000e-02	3.85000e-01	-1.45425e-02
5.00000e-02	3.95000e-01	5.77880e-03
5.00000e-02	4.05000e-01	3.59005e-02
5.00000e-02	4.15000e-01	7.73587e-02
5.00000e-02	4.25000e-01	1.29740e-01
5.00000e-02	4.35000e-01	1.90987e-01
5.00000e-02	4.45000e-01	2.57589e-01
5.00000e-02	4.55000e-01	3.24774e-01
5.00000e-02	4.65000e-01	3.86781e-01
5.00000e-02	4.75000e-01	4.37244e-01
5.00000e-02	4.85000e-01	4.69685e-01
5.00000e-02	4.95000e-01	4.78144e-01

7.00000e-02	5.00000e-03	2.70083e-01
7.00000e-02	1.50000e-02	2.70099e-01
7.00000e-02	2.50000e-02	2.71232e-01
7.00000e-02	3.50000e-02	2.68153e-01
7.00000e-02	4.50000e-02	2.68820e-01
7.00000e-02	5.50000e-02	2.74029e-01
7.00000e-02	6.50000e-02	2.84901e-01
7.00000e-02	7.50000e-02	3.03122e-01
7.00000e-02	8.50000e-02	3.31318e-01
7.00000e-02	9.50000e-02	3.73652e-01
7.00000e-02	1.05000e-01	4.36824e-01
7.00000e-02	1.15000e-01	5.31768e-01
7.00000e-02	1.25000e-01	6.76514e-01
7.00000e-02	1.35000e-01	9.00906e-01
7.00000e-02	1.45000e-01	1.25372e+00
7.00000e-02	1.55000e-01	1.81121e+00
7.00000e-02	1.65000e-01	2.68046e+00
7.00000e-02	1.75000e-01	3.97801e+00
7.00000e-02	1.85000e-01	5.75013e+00
7.00000e-02	1.95000e-01	7.58850e+00
7.00000e-02	2.05000e-01	8.93570e+00
7.00000e-02	2.15000e-01	9.02397e+00
7.00000e-02	2.25000e-01	4.96855e+00
7.00000e-02	2.35000e-01	1.79529e+00
7.00000e-02	2.45000e-01	-2.93796e-01
7.00000e-02	2.55000e-01	-2.56071e+00
7.00000e-02	2.65000e-01	-5.92428e+00
7.00000e-02	2.75000e-01	-9.22759e+00
7.00000e-02	2.85000e-01	-8.05665e+00
7.00000e-02	2.95000e-01	-6.08739e+00
7.00000e-02	3.05000e-01	-4.12614e+00
7.00000e-02	3.15000e-01	-2.72638e+00
7.00000e-02	3.25000e-01	-1.85531e+00
7.00000e-02	3.35000e-01	-1.35825e+00
7.00000e-02	3.45000e-01	-1.08718e+00
7.00000e-02	3.55000e-01	-9.37827e-01
7.00000e-02	3.65000e-01	-8.46054e-01
7.00000e-02	3.75000e-01	-7.74780e-01
7.00000e-02	3.85000e-01	-7.03090e-01
7.00000e-02	3.95000e-01	-6.19426e-01
7.00000e-02	4.05000e-01	-5.17846e-01
7.00000e-02	4.15000e-01	-3.96097e-01
7.00000e-02	4.25000e-01	-2.54677e-01
7.00000e-02	4.35000e-01	-9.64105e-02
7.00000e-02	4.45000e-01	7.37610e-02
7.00000e-02	4.55000e-01	2.48969e-01
7.00000e-02	4.65000e-01	4.20794e-01
7.00000e-02	4.75000e-01	5.80053e-01
7.00000e-02	4.85000e-01	7.18220e-01
7.00000e-02	4.95000e-01	8.29704e-01

9.00000e-02	5.00000e-03	8.94331e-01
9.00000e-02	1.50000e-02	8.94352e-01
9.00000e-02	2.50000e-02	9.12516e-01
9.00000e-02	3.50000e-02	9.10973e-01
9.00000e-02	4.50000e-02	9.17014e-01
9.00000e-02	5.50000e-02	9.31934e-01
9.00000e-02	6.50000e-02	9.57392e-01
9.00000e-02	7.50000e-02	9.95928e-01
9.00000e-02	8.50000e-02	1.05157e+00
9.00000e-02	9.50000e-02	1.13067e+00
9.00000e-02	1.05000e-01	1.24310e+00
9.00000e-02	1.15000e-01	1.40403e+00
9.00000e-02	1.25000e-01	1.63620e+00
9.00000e-02	1.35000e-01	1.97244e+00
9.00000e-02	1.45000e-01	2.45678e+00
9.00000e-02	1.55000e-01	3.14018e+00
9.00000e-02	1.65000e-01	4.06362e+00
9.00000e-02	1.75000e-01	5.22038e+00
9.00000e-02	1.85000e-01	6.34915e+00
9.00000e-02	1.95000e-01	7.08109e+00
9.00000e-02	2.05000e-01	7.43977e+00
9.00000e-02	2.15000e-01	6.73344e+00
9.00000e-02	2.25000e-01	4.04408e+00
9.00000e-02	2.35000e-01	1.45343e+00
9.00000e-02	2.45000e-01	-6.22769e-01
9.00000e-02	2.55000e-01	-2.80574e+00
9.00000e-02	2.65000e-01	-5.39414e+00
9.00000e-02	2.75000e-01	-7.33385e+00
9.00000e-02	2.85000e-01	-7.05293e+00
9.00000e-02	2.95000e-01	-5.99311e+00
9.00000e-02	3.05000e-01	-4.75905e+00
9.00000e-02	3.15000e-01	-3.65662e+00
9.00000e-02	3.25000e-01	-2.85274e+00
9.00000e-02	3.35000e-01	-2.31953e+00
9.00000e-02	3.45000e-01	-1.98344e+00
9.00000e-02	3.55000e-01	-1.77057e+00
9.00000e-02	3.65000e-01	-1.62329e+00
9.00000e-02	3.75000e-01	-1.50197e+00
9.00000e-02	3.85000e-01	-1.38120e+00
9.00000e-02	3.95000e-01	-1.24550e+00
9.00000e-02	4.05000e-01	-1.08603e+00
9.00000e-02	4.15000e-01	-8.98444e-01
9.00000e-02	4.25000e-01	-6.81725e-01
9.00000e-02	4.35000e-01	-4.37608e-01
9.00000e-02	4.45000e-01	-1.70449e-01
9.00000e-02	4.55000e-01	1.12780e-01
9.00000e-02	4.65000e-01	4.02659e-01
9.00000e-02	4.75000e-01	6.88040e-01
9.00000e-02	4.85000e-01	9.57870e-01
9.00000e-02	4.95000e-01	1.20467e+00

1.10000e-01	5.00000e-03	1.48373e+00
1.10000e-01	1.50000e-02	1.48376e+00
1.10000e-01	2.50000e-02	1.52318e+00
1.10000e-01	3.50000e-02	1.53408e+00
1.10000e-01	4.50000e-02	1.56041e+00
1.10000e-01	5.50000e-02	1.60264e+00
1.10000e-01	6.50000e-02	1.66243e+00
1.10000e-01	7.50000e-02	1.74315e+00
1.10000e-01	8.50000e-02	1.85040e+00
1.10000e-01	9.50000e-02	1.99266e+00
1.10000e-01	1.05000e-01	2.18216e+00
1.10000e-01	1.15000e-01	2.43545e+00
1.10000e-01	1.25000e-01	2.77334e+00
1.10000e-01	1.35000e-01	3.21843e+00
1.10000e-01	1.45000e-01	3.78852e+00
1.10000e-01	1.55000e-01	4.48348e+00
1.10000e-01	1.65000e-01	5.26620e+00
1.10000e-01	1.75000e-01	5.84499e+00
1.10000e-01	1.85000e-01	6.10693e+00
1.10000e-01	1.95000e-01	6.23217e+00
1.10000e-01	2.05000e-01	5.97119e+00
1.10000e-01	2.15000e-01	4.96356e+00
1.10000e-01	2.25000e-01	2.98954e+00
1.10000e-01	2.35000e-01	9.53636e-01
1.10000e-01	2.45000e-01	-8.66677e-01
1.10000e-01	2.55000e-01	-2.72654e+00
1.10000e-01	2.65000e-01	-4.65888e+00
1.10000e-01	2.75000e-01	-6.02898e+00
1.10000e-01	2.85000e-01	-6.25226e+00
1.10000e-01	2.95000e-01	-5.87959e+00
1.10000e-01	3.05000e-01	-5.31896e+00
1.10000e-01	3.15000e-01	-4.53597e+00
1.10000e-01	3.25000e-01	-3.85507e+00
1.10000e-01	3.35000e-01	-3.32334e+00
1.10000e-01	3.45000e-01	-2.93337e+00
1.10000e-01	3.55000e-01	-2.65162e+00
1.10000e-01	3.65000e-01	-2.43816e+00
1.10000e-01	3.75000e-01	-2.25761e+00
1.10000e-01	3.85000e-01	-2.08313e+00
1.10000e-01	3.95000e-01	-1.89619e+00
1.10000e-01	4.05000e-01	-1.68480e+00
1.10000e-01	4.15000e-01	-1.44167e+00
1.10000e-01	4.25000e-01	-1.16286e+00
1.10000e-01	4.35000e-01	-8.47165e-01
1.10000e-01	4.45000e-01	-4.95993e-01
1.10000e-01	4.55000e-01	-1.13685e-01
1.10000e-01	4.65000e-01	2.92206e-01
1.10000e-01	4.75000e-01	7.11128e-01
1.10000e-01	4.85000e-01	1.13111e+00
1.10000e-01	4.95000e-01	1.54285e+00

1.30000e-01	5.00000e-03	2.00920e+00
1.30000e-01	1.50000e-02	2.00923e+00
1.30000e-01	2.50000e-02	2.08134e+00
1.30000e-01	3.50000e-02	2.12593e+00
1.30000e-01	4.50000e-02	2.19585e+00
1.30000e-01	5.50000e-02	2.28904e+00
1.30000e-01	6.50000e-02	2.40705e+00
1.30000e-01	7.50000e-02	2.55407e+00
1.30000e-01	8.50000e-02	2.73642e+00
1.30000e-01	9.50000e-02	2.96219e+00
1.30000e-01	1.05000e-01	3.24056e+00
1.30000e-01	1.15000e-01	3.58004e+00
1.30000e-01	1.25000e-01	3.98471e+00
1.30000e-01	1.35000e-01	4.44754e+00
1.30000e-01	1.45000e-01	4.94104e+00
1.30000e-01	1.55000e-01	5.35023e+00
1.30000e-01	1.65000e-01	5.43760e+00
1.30000e-01	1.75000e-01	5.40727e+00
1.30000e-01	1.85000e-01	5.31221e+00
1.30000e-01	1.95000e-01	5.02319e+00
1.30000e-01	2.05000e-01	4.40927e+00
1.30000e-01	2.15000e-01	3.35472e+00
1.30000e-01	2.25000e-01	1.89481e+00
1.30000e-01	2.35000e-01	4.13891e-01
1.30000e-01	2.45000e-01	-9.77170e-01
1.30000e-01	2.55000e-01	-2.36869e+00
1.30000e-01	2.65000e-01	-3.73801e+00
1.30000e-01	2.75000e-01	-4.80907e+00
1.30000e-01	2.85000e-01	-5.34291e+00
1.30000e-01	2.95000e-01	-5.47778e+00
1.30000e-01	3.05000e-01	-5.40397e+00
1.30000e-01	3.15000e-01	-5.26996e+00
1.30000e-01	3.25000e-01	-4.84293e+00
1.30000e-01	3.35000e-01	-4.35424e+00
1.30000e-01	3.45000e-01	-3.92958e+00
1.30000e-01	3.55000e-01	-3.57594e+00
1.30000e-01	3.65000e-01	-3.27855e+00
1.30000e-01	3.75000e-01	-3.01588e+00
1.30000e-01	3.85000e-01	-2.76747e+00
1.30000e-01	3.95000e-01	-2.51648e+00
1.30000e-01	4.05000e-01	-2.24981e+00
1.30000e-01	4.15000e-01	-1.95733e+00
1.30000e-01	4.25000e-01	-1.63123e+00
1.30000e-01	4.35000e-01	-1.26562e+00
1.30000e-01	4.45000e-01	-8.56609e-01
1.30000e-01	4.55000e-01	-4.02759e-01
1.30000e-01	4.65000e-01	9.40844e-02
1.30000e-01	4.75000e-01	6.28299e-01
1.30000e-01	4.85000e-01	1.19122e+00
1.30000e-01	4.95000e-01	1.77465e+00

1.50000e-01	5.00000e-03	2.35530e+00
1.50000e-01	1.50000e-02	2.35534e+00
1.50000e-01	2.50000e-02	2.50061e+00
1.50000e-01	3.50000e-02	2.60504e+00
1.50000e-01	4.50000e-02	2.73156e+00
1.50000e-01	5.50000e-02	2.88040e+00
1.50000e-01	6.50000e-02	3.05463e+00
1.50000e-01	7.50000e-02	3.25790e+00
1.50000e-01	8.50000e-02	3.49288e+00
1.50000e-01	9.50000e-02	3.75906e+00
1.50000e-01	1.05000e-01	4.04945e+00
1.50000e-01	1.15000e-01	4.34655e+00
1.50000e-01	1.25000e-01	4.61851e+00
1.50000e-01	1.35000e-01	4.81202e+00
1.50000e-01	1.45000e-01	4.78969e+00
1.50000e-01	1.55000e-01	4.61542e+00
1.50000e-01	1.65000e-01	4.42830e+00
1.50000e-01	1.75000e-01	4.13171e+00
1.50000e-01	1.85000e-01	3.66165e+00
1.50000e-01	1.95000e-01	3.02482e+00
1.50000e-01	2.05000e-01	2.11689e+00
1.50000e-01	2.15000e-01	8.57445e-01
1.50000e-01	2.25000e-01	-7.34752e-02
1.50000e-01	2.35000e-01	-5.23618e-01
1.50000e-01	2.45000e-01	-9.77755e-01
1.50000e-01	2.55000e-01	-1.40936e+00
1.50000e-01	2.65000e-01	-1.76351e+00
1.50000e-01	2.75000e-01	-2.26388e+00
1.50000e-01	2.85000e-01	-3.31075e+00
1.50000e-01	2.95000e-01	-4.00203e+00
1.50000e-01	3.05000e-01	-4.40945e+00
1.50000e-01	3.15000e-01	-4.63052e+00
1.50000e-01	3.25000e-01	-4.81305e+00
1.50000e-01	3.35000e-01	-4.83069e+00
1.50000e-01	3.45000e-01	-4.59078e+00
1.50000e-01	3.55000e-01	-4.26291e+00
1.50000e-01	3.65000e-01	-3.91351e+00
1.50000e-01	3.75000e-01	-3.57356e+00
1.50000e-01	3.85000e-01	-3.25092e+00
1.50000e-01	3.95000e-01	-2.94005e+00
1.50000e-01	4.05000e-01	-2.62969e+00
1.50000e-01	4.15000e-01	-2.30733e+00
1.50000e-01	4.25000e-01	-1.96107e+00
1.50000e-01	4.35000e-01	-1.58007e+00
1.50000e-01	4.45000e-01	-1.15460e+00
1.50000e-01	4.55000e-01	-6.76394e-01
1.50000e-01	4.65000e-01	-1.39521e-01
1.50000e-01	4.75000e-01	4.58594e-01
1.50000e-01	4.85000e-01	1.11681e+00
1.50000e-01	4.95000e-01	1.83213e+00

1.70000e-01	5.00000e-03	2.26710e+00
1.70000e-01	1.50000e-02	2.26713e+00
1.70000e-01	2.50000e-02	2.57760e+00
1.70000e-01	3.50000e-02	2.72615e+00
1.70000e-01	4.50000e-02	2.85940e+00
1.70000e-01	5.50000e-02	2.99105e+00
1.70000e-01	6.50000e-02	3.12026e+00
1.70000e-01	7.50000e-02	3.23997e+00
1.70000e-01	8.50000e-02	3.33800e+00
1.70000e-01	9.50000e-02	3.39627e+00
1.70000e-01	1.05000e-01	3.39017e+00
1.70000e-01	1.15000e-01	3.28839e+00
1.70000e-01	1.25000e-01	3.05345e+00
1.70000e-01	1.35000e-01	2.64012e+00
1.70000e-01	1.45000e-01	2.13942e+00
1.70000e-01	1.55000e-01	1.46330e+00
1.70000e-01	1.65000e-01	5.05135e-01
1.70000e-01	1.75000e-01	-8.90138e-01
1.70000e-01	1.85000e-01	-3.06499e+00
1.70000e-01	1.95000e-01	-6.63939e+00
1.70000e-01	2.05000e-01	-1.29605e+01
1.70000e-01	2.15000e-01	-2.43632e+01
1.70000e-01	2.25000e-01	-6.76081e+00
1.70000e-01	2.35000e-01	-3.33114e+00
1.70000e-01	2.45000e-01	-6.93489e-02
1.70000e-01	2.55000e-01	3.09659e+00
1.70000e-01	2.65000e-01	6.23234e+00
1.70000e-01	2.75000e-01	2.16427e+01
1.70000e-01	2.85000e-01	1.15861e+01
1.70000e-01	2.95000e-01	5.79815e+00
1.70000e-01	3.05000e-01	2.49432e+00
1.70000e-01	3.15000e-01	4.81817e-01
1.70000e-01	3.25000e-01	-8.13950e-01
1.70000e-01	3.35000e-01	-1.69883e+00
1.70000e-01	3.45000e-01	-2.36832e+00
1.70000e-01	3.55000e-01	-2.76824e+00
1.70000e-01	3.65000e-01	-2.94828e+00
1.70000e-01	3.75000e-01	-2.97474e+00
1.70000e-01	3.85000e-01	-2.89489e+00
1.70000e-01	3.95000e-01	-2.74173e+00
1.70000e-01	4.05000e-01	-2.53561e+00
1.70000e-01	4.15000e-01	-2.28667e+00
1.70000e-01	4.25000e-01	-1.99753e+00
1.70000e-01	4.35000e-01	-1.66531e+00
1.70000e-01	4.45000e-01	-1.28335e+00
1.70000e-01	4.55000e-01	-8.42738e-01
1.70000e-01	4.65000e-01	-3.33892e-01
1.70000e-01	4.75000e-01	2.51714e-01
1.70000e-01	4.85000e-01	9.20111e-01
1.70000e-01	4.95000e-01	1.67439e+00

1.90000e-01	5.00000e-03	1.55630e+00
1.90000e-01	1.50000e-02	1.55631e+00
1.90000e-01	2.50000e-02	2.11245e+00
1.90000e-01	3.50000e-02	2.23049e+00
1.90000e-01	4.50000e-02	2.29278e+00
1.90000e-01	5.50000e-02	2.32814e+00
1.90000e-01	6.50000e-02	2.33265e+00
1.90000e-01	7.50000e-02	2.29653e+00
1.90000e-01	8.50000e-02	2.20759e+00
1.90000e-01	9.50000e-02	2.05196e+00
1.90000e-01	1.05000e-01	1.81496e+00
1.90000e-01	1.15000e-01	1.48254e+00
1.90000e-01	1.25000e-01	1.04618e+00
1.90000e-01	1.35000e-01	5.28727e-01
1.90000e-01	1.45000e-01	-1.28110e-01
1.90000e-01	1.55000e-01	-9.78979e-01
1.90000e-01	1.65000e-01	-2.09241e+00
1.90000e-01	1.75000e-01	-3.55259e+00
1.90000e-01	1.85000e-01	-5.41657e+00
1.90000e-01	1.95000e-01	-7.36402e+00
1.90000e-01	2.05000e-01	-7.64593e+00
1.90000e-01	2.15000e-01	-2.54281e+00
1.90000e-01	2.25000e-01	-7.78879e-33
1.90000e-01	2.35000e-01	-1.53233e-33
1.90000e-01	2.45000e-01	-3.19017e-35
1.90000e-01	2.55000e-01	1.42444e-33
1.90000e-01	2.65000e-01	8.06175e-33
1.90000e-01	2.75000e-01	2.82332e+00
1.90000e-01	2.85000e-01	6.59291e+00
1.90000e-01	2.95000e-01	6.21496e+00
1.90000e-01	3.05000e-01	4.47530e+00
1.90000e-01	3.15000e-01	2.79689e+00
1.90000e-01	3.25000e-01	1.47764e+00
1.90000e-01	3.35000e-01	4.70400e-01
1.90000e-01	3.45000e-01	-3.06912e-01
1.90000e-01	3.55000e-01	-9.26502e-01
1.90000e-01	3.65000e-01	-1.39475e+00
1.90000e-01	3.75000e-01	-1.71061e+00
1.90000e-01	3.85000e-01	-1.89469e+00
1.90000e-01	3.95000e-01	-1.96852e+00
1.90000e-01	4.05000e-01	-1.95141e+00
1.90000e-01	4.15000e-01	-1.85851e+00
1.90000e-01	4.25000e-01	-1.69988e+00
1.90000e-01	4.35000e-01	-1.48033e+00
1.90000e-01	4.45000e-01	-1.19984e+00
1.90000e-01	4.55000e-01	-8.54570e-01
1.90000e-01	4.65000e-01	-4.38103e-01
1.90000e-01	4.75000e-01	5.71317e-02
1.90000e-01	4.85000e-01	6.38246e-01
1.90000e-01	4.95000e-01	1.30998e+00

2.10000e-01	5.00000e-03	4.33143e-01
2.10000e-01	1.50000e-02	4.33141e-01
2.10000e-01	2.50000e-02	1.19799e+00
2.10000e-01	3.50000e-02	1.24718e+00
2.10000e-01	4.50000e-02	1.22710e+00
2.10000e-01	5.50000e-02	1.17063e+00
2.10000e-01	6.50000e-02	1.07456e+00
2.10000e-01	7.50000e-02	9.32573e-01
2.10000e-01	8.50000e-02	7.38090e-01
2.10000e-01	9.50000e-02	4.85055e-01
2.10000e-01	1.05000e-01	1.68665e-01
2.10000e-01	1.15000e-01	-2.13713e-01
2.10000e-01	1.25000e-01	-6.64129e-01
2.10000e-01	1.35000e-01	-1.21275e+00
2.10000e-01	1.45000e-01	-1.87926e+00
2.10000e-01	1.55000e-01	-2.66577e+00
2.10000e-01	1.65000e-01	-3.51863e+00
2.10000e-01	1.75000e-01	-4.28780e+00
2.10000e-01	1.85000e-01	-4.65157e+00
2.10000e-01	1.95000e-01	-4.19461e+00
2.10000e-01	2.05000e-01	-2.73162e+00
2.10000e-01	2.15000e-01	-6.32201e-02
2.10000e-01	2.25000e-01	-1.16349e-34
2.10000e-01	2.35000e-01	0.00000e+00
2.10000e-01	2.45000e-01	-2.05268e-48
2.10000e-01	2.55000e-01	-5.47382e-48
2.10000e-01	2.65000e-01	1.33565e-33
2.10000e-01	2.75000e-01	7.25906e-01
2.10000e-01	2.85000e-01	2.72951e+00
2.10000e-01	2.95000e-01	3.72973e+00
2.10000e-01	3.05000e-01	3.88352e+00
2.10000e-01	3.15000e-01	3.39833e+00
2.10000e-01	3.25000e-01	2.60378e+00
2.10000e-01	3.35000e-01	1.77164e+00
2.10000e-01	3.45000e-01	1.04191e+00
2.10000e-01	3.55000e-01	4.28270e-01
2.10000e-01	3.65000e-01	-8.57399e-02
2.10000e-01	3.75000e-01	-5.04017e-01
2.10000e-01	3.85000e-01	-8.23542e-01
2.10000e-01	3.95000e-01	-1.04742e+00
2.10000e-01	4.05000e-01	-1.18216e+00
2.10000e-01	4.15000e-01	-1.23535e+00
2.10000e-01	4.25000e-01	-1.21392e+00
2.10000e-01	4.35000e-01	-1.12311e+00
2.10000e-01	4.45000e-01	-9.66099e-01
2.10000e-01	4.55000e-01	-7.44331e-01
2.10000e-01	4.65000e-01	-4.57954e-01
2.10000e-01	4.75000e-01	-1.06187e-01
2.10000e-01	4.85000e-01	3.12146e-01
2.10000e-01	4.95000e-01	7.97058e-01

2.30000e-01	5.00000e-03	-6.47896e-01
2.30000e-01	1.50000e-02	-6.47904e-01
2.30000e-01	2.50000e-02	1.80431e-01
2.30000e-01	3.50000e-02	1.97096e-01
2.30000e-01	4.50000e-02	1.29915e-01
2.30000e-01	5.50000e-02	2.62114e-02
2.30000e-01	6.50000e-02	-1.12661e-01
2.30000e-01	7.50000e-02	-2.88955e-01
2.30000e-01	8.50000e-02	-5.04681e-01
2.30000e-01	9.50000e-02	-7.60927e-01
2.30000e-01	1.05000e-01	-1.05754e+00
2.30000e-01	1.15000e-01	-1.39301e+00
2.30000e-01	1.25000e-01	-1.76481e+00
2.30000e-01	1.35000e-01	-2.15595e+00
2.30000e-01	1.45000e-01	-2.53781e+00
2.30000e-01	1.55000e-01	-2.85604e+00
2.30000e-01	1.65000e-01	-3.04348e+00
2.30000e-01	1.75000e-01	-3.01147e+00
2.30000e-01	1.85000e-01	-2.66386e+00
2.30000e-01	1.95000e-01	-1.90253e+00
2.30000e-01	2.05000e-01	-7.63854e-01
2.30000e-01	2.15000e-01	6.15901e-01
2.30000e-01	2.25000e-01	1.15665e-33
2.30000e-01	2.35000e-01	-5.26084e-35
2.30000e-01	2.45000e-01	-1.16840e-34
2.30000e-01	2.55000e-01	-1.74872e-34
2.30000e-01	2.65000e-01	-6.85893e-34
2.30000e-01	2.75000e-01	-1.07324e-01
2.30000e-01	2.85000e-01	1.07970e+00
2.30000e-01	2.95000e-01	1.97619e+00
2.30000e-01	3.05000e-01	2.49627e+00
2.30000e-01	3.15000e-01	2.63504e+00
2.30000e-01	3.25000e-01	2.48909e+00
2.30000e-01	3.35000e-01	2.15710e+00
2.30000e-01	3.45000e-01	1.71113e+00
2.30000e-01	3.55000e-01	1.23725e+00
2.30000e-01	3.65000e-01	7.84371e-01
2.30000e-01	3.75000e-01	3.75480e-01
2.30000e-01	3.85000e-01	2.34875e-02
2.30000e-01	3.95000e-01	-2.63741e-01
2.30000e-01	4.05000e-01	-4.82530e-01
2.30000e-01	4.15000e-01	-6.32219e-01
2.30000e-01	4.25000e-01	-7.14107e-01
2.30000e-01	4.35000e-01	-7.30848e-01
2.30000e-01	4.45000e-01	-6.86407e-01
2.30000e-01	4.55000e-01	-5.86302e-01
2.30000e-01	4.65000e-01	-4.37592e-01
2.30000e-01	4.75000e-01	-2.48232e-01
2.30000e-01	4.85000e-01	-2.61282e-02
2.30000e-01	4.95000e-01	2.20932e-01

2.50000e-01	5.00000e-03	-1.34816e+00
2.50000e-01	1.50000e-02	-1.34816e+00
2.50000e-01	2.50000e-02	-6.18870e-01
2.50000e-01	3.50000e-02	-5.78521e-01
2.50000e-01	4.50000e-02	-6.46396e-01
2.50000e-01	5.50000e-02	-7.49275e-01
2.50000e-01	6.50000e-02	-8.76447e-01
2.50000e-01	7.50000e-02	-1.02536e+00
2.50000e-01	8.50000e-02	-1.19374e+00
2.50000e-01	9.50000e-02	-1.37796e+00
2.50000e-01	1.05000e-01	-1.57234e+00
2.50000e-01	1.15000e-01	-1.76832e+00
2.50000e-01	1.25000e-01	-1.95315e+00
2.50000e-01	1.35000e-01	-2.10743e+00
2.50000e-01	1.45000e-01	-2.20512e+00
2.50000e-01	1.55000e-01	-2.21330e+00
2.50000e-01	1.65000e-01	-2.09680e+00
2.50000e-01	1.75000e-01	-1.82248e+00
2.50000e-01	1.85000e-01	-1.36661e+00
2.50000e-01	1.95000e-01	-7.17035e-01
2.50000e-01	2.05000e-01	1.36976e-01
2.50000e-01	2.15000e-01	1.25779e+00
2.50000e-01	2.25000e-01	5.08879e-02
2.50000e-01	2.35000e-01	-1.14339e-01
2.50000e-01	2.45000e-01	-2.53975e-01
2.50000e-01	2.55000e-01	-3.80138e-01
2.50000e-01	2.65000e-01	-1.03485e+00
2.50000e-01	2.75000e-01	-2.21905e-01
2.50000e-01	2.85000e-01	4.97404e-01
2.50000e-01	2.95000e-01	1.11149e+00
2.50000e-01	3.05000e-01	1.58208e+00
2.50000e-01	3.15000e-01	1.87386e+00
2.50000e-01	3.25000e-01	1.98170e+00
2.50000e-01	3.35000e-01	1.92692e+00
2.50000e-01	3.45000e-01	1.74480e+00
2.50000e-01	3.55000e-01	1.48001e+00
2.50000e-01	3.65000e-01	1.17261e+00
2.50000e-01	3.75000e-01	8.53500e-01
2.50000e-01	3.85000e-01	5.45655e-01
2.50000e-01	3.95000e-01	2.65844e-01
2.50000e-01	4.05000e-01	2.57989e-02
2.50000e-01	4.15000e-01	-1.66942e-01
2.50000e-01	4.25000e-01	-3.08537e-01
2.50000e-01	4.35000e-01	-3.98815e-01
2.50000e-01	4.45000e-01	-4.41637e-01
2.50000e-01	4.55000e-01	-4.45206e-01
2.50000e-01	4.65000e-01	-4.21667e-01
2.50000e-01	4.75000e-01	-3.85638e-01
2.50000e-01	4.85000e-01	-3.52013e-01
2.50000e-01	4.95000e-01	-3.34182e-01

2.70000e-01	5.00000e-03	-1.60410e+00
2.70000e-01	1.50000e-02	-1.60410e+00
2.70000e-01	2.50000e-02	-1.07129e+00
2.70000e-01	3.50000e-02	-9.90217e-01
2.70000e-01	4.50000e-02	-1.02569e+00
2.70000e-01	5.50000e-02	-1.09795e+00
2.70000e-01	6.50000e-02	-1.18631e+00
2.70000e-01	7.50000e-02	-1.28337e+00
2.70000e-01	8.50000e-02	-1.38419e+00
2.70000e-01	9.50000e-02	-1.48342e+00
2.70000e-01	1.05000e-01	-1.57443e+00
2.70000e-01	1.15000e-01	-1.64887e+00
2.70000e-01	1.25000e-01	-1.69648e+00
2.70000e-01	1.35000e-01	-1.70525e+00
2.70000e-01	1.45000e-01	-1.66253e+00
2.70000e-01	1.55000e-01	-1.55707e+00
2.70000e-01	1.65000e-01	-1.38235e+00
2.70000e-01	1.75000e-01	-1.14004e+00
2.70000e-01	1.85000e-01	-8.42906e-01
2.70000e-01	1.95000e-01	-5.15930e-01
2.70000e-01	2.05000e-01	-1.98829e-01
2.70000e-01	2.15000e-01	3.75637e-02
2.70000e-01	2.25000e-01	1.66596e-02
2.70000e-01	2.35000e-01	-7.80882e-03
2.70000e-01	2.45000e-01	-2.58509e-02
2.70000e-01	2.55000e-01	-2.76080e-02
2.70000e-01	2.65000e-01	1.73843e-03
2.70000e-01	2.75000e-01	2.21566e-01
2.70000e-01	2.85000e-01	5.23490e-01
2.70000e-01	2.95000e-01	8.49219e-01
2.70000e-01	3.05000e-01	1.15406e+00
2.70000e-01	3.15000e-01	1.39920e+00
2.70000e-01	3.25000e-01	1.55662e+00
2.70000e-01	3.35000e-01	1.61371e+00
2.70000e-01	3.45000e-01	1.57325e+00
2.70000e-01	3.55000e-01	1.45039e+00
2.70000e-01	3.65000e-01	1.26645e+00
2.70000e-01	3.75000e-01	1.04395e+00
2.70000e-01	3.85000e-01	8.03729e-01
2.70000e-01	3.95000e-01	5.63723e-01
2.70000e-01	4.05000e-01	3.38386e-01
2.70000e-01	4.15000e-01	1.38366e-01
2.70000e-01	4.25000e-01	-2.98939e-02
2.70000e-01	4.35000e-01	-1.64768e-01
2.70000e-01	4.45000e-01	-2.70092e-01
2.70000e-01	4.55000e-01	-3.55351e-01
2.70000e-01	4.65000e-01	-4.34835e-01
2.70000e-01	4.75000e-01	-5.25537e-01
2.70000e-01	4.85000e-01	-6.44265e-01
2.70000e-01	4.95000e-01	-8.04962e-01

2.90000e-01	5.00000e-03	-1.52787e+00
2.90000e-01	1.50000e-02	-1.52788e+00
2.90000e-01	2.50000e-02	-1.20400e+00
2.90000e-01	3.50000e-02	-1.10680e+00
2.90000e-01	4.50000e-02	-1.10343e+00
2.90000e-01	5.50000e-02	-1.13573e+00
2.90000e-01	6.50000e-02	-1.18082e+00
2.90000e-01	7.50000e-02	-1.22842e+00
2.90000e-01	8.50000e-02	-1.27234e+00
2.90000e-01	9.50000e-02	-1.30748e+00
2.90000e-01	1.05000e-01	-1.32878e+00
2.90000e-01	1.15000e-01	-1.33099e+00
2.90000e-01	1.25000e-01	-1.30886e+00
2.90000e-01	1.35000e-01	-1.25771e+00
2.90000e-01	1.45000e-01	-1.17432e+00
2.90000e-01	1.55000e-01	-1.05801e+00
2.90000e-01	1.65000e-01	-9.11766e-01
2.90000e-01	1.75000e-01	-7.42590e-01
2.90000e-01	1.85000e-01	-5.61182e-01
2.90000e-01	1.95000e-01	-3.80865e-01
2.90000e-01	2.05000e-01	-2.16740e-01
2.90000e-01	2.15000e-01	-8.52456e-02
2.90000e-01	2.25000e-01	4.31489e-04
2.90000e-01	2.35000e-01	6.39686e-02
2.90000e-01	2.45000e-01	1.22145e-01
2.90000e-01	2.55000e-01	1.89292e-01
2.90000e-01	2.65000e-01	2.80776e-01
2.90000e-01	2.75000e-01	4.15657e-01
2.90000e-01	2.85000e-01	5.86566e-01
2.90000e-01	2.95000e-01	7.78554e-01
2.90000e-01	3.05000e-01	9.72753e-01
2.90000e-01	3.15000e-01	1.14785e+00
2.90000e-01	3.25000e-01	1.28314e+00
2.90000e-01	3.35000e-01	1.36254e+00
2.90000e-01	3.45000e-01	1.37765e+00
2.90000e-01	3.55000e-01	1.32868e+00
2.90000e-01	3.65000e-01	1.22307e+00
2.90000e-01	3.75000e-01	1.07300e+00
2.90000e-01	3.85000e-01	8.92808e-01
2.90000e-01	3.95000e-01	6.96956e-01
2.90000e-01	4.05000e-01	4.98475e-01
2.90000e-01	4.15000e-01	3.07693e-01
2.90000e-01	4.25000e-01	1.31109e-01
2.90000e-01	4.35000e-01	-2.96233e-02
2.90000e-01	4.45000e-01	-1.78353e-01
2.90000e-01	4.55000e-01	-3.24320e-01
2.90000e-01	4.65000e-01	-4.80882e-01
2.90000e-01	4.75000e-01	-6.63132e-01
2.90000e-01	4.85000e-01	-8.84987e-01
2.90000e-01	4.95000e-01	-1.15669e+00

3.10000e-01	5.00000e-03	-1.26824e+00
3.10000e-01	1.50000e-02	-1.26826e+00
3.10000e-01	2.50000e-02	-1.10994e+00
3.10000e-01	3.50000e-02	-1.02989e+00
3.10000e-01	4.50000e-02	-1.00476e+00
3.10000e-01	5.50000e-02	-1.00565e+00
3.10000e-01	6.50000e-02	-1.01639e+00
3.10000e-01	7.50000e-02	-1.02779e+00
3.10000e-01	8.50000e-02	-1.03413e+00
3.10000e-01	9.50000e-02	-1.03133e+00
3.10000e-01	1.05000e-01	-1.01615e+00
3.10000e-01	1.15000e-01	-9.85980e-01
3.10000e-01	1.25000e-01	-9.38928e-01
3.10000e-01	1.35000e-01	-8.74044e-01
3.10000e-01	1.45000e-01	-7.91645e-01
3.10000e-01	1.55000e-01	-6.93546e-01
3.10000e-01	1.65000e-01	-5.83071e-01
3.10000e-01	1.75000e-01	-4.64775e-01
3.10000e-01	1.85000e-01	-3.43897e-01
3.10000e-01	1.95000e-01	-2.25730e-01
3.10000e-01	2.05000e-01	-1.15033e-01
3.10000e-01	2.15000e-01	-1.53494e-02
3.10000e-01	2.25000e-01	7.23810e-02
3.10000e-01	2.35000e-01	1.52098e-01
3.10000e-01	2.45000e-01	2.29498e-01
3.10000e-01	2.55000e-01	3.10825e-01
3.10000e-01	2.65000e-01	4.02135e-01
3.10000e-01	2.75000e-01	5.07988e-01
3.10000e-01	2.85000e-01	6.28265e-01
3.10000e-01	2.95000e-01	7.58658e-01
3.10000e-01	3.05000e-01	8.91226e-01
3.10000e-01	3.15000e-01	1.01508e+00
3.10000e-01	3.25000e-01	1.11777e+00
3.10000e-01	3.35000e-01	1.18739e+00
3.10000e-01	3.45000e-01	1.21491e+00
3.10000e-01	3.55000e-01	1.19590e+00
3.10000e-01	3.65000e-01	1.13099e+00
3.10000e-01	3.75000e-01	1.02535e+00
3.10000e-01	3.85000e-01	8.87310e-01
3.10000e-01	3.95000e-01	7.26750e-01
3.10000e-01	4.05000e-01	5.53447e-01
3.10000e-01	4.15000e-01	3.75528e-01
3.10000e-01	4.25000e-01	1.98099e-01
3.10000e-01	4.35000e-01	2.21995e-02
3.10000e-01	4.45000e-01	-1.55643e-01
3.10000e-01	4.55000e-01	-3.42959e-01
3.10000e-01	4.65000e-01	-5.49864e-01
3.10000e-01	4.75000e-01	-7.86820e-01
3.10000e-01	4.85000e-01	-1.06232e+00
3.10000e-01	4.95000e-01	-1.38134e+00

3.30000e-01	5.00000e-03	-9.41698e-01
3.30000e-01	1.50000e-02	-9.41732e-01
3.30000e-01	2.50000e-02	-8.90110e-01
3.30000e-01	3.50000e-02	-8.43992e-01
3.30000e-01	4.50000e-02	-8.19161e-01
3.30000e-01	5.50000e-02	-8.06360e-01
3.30000e-01	6.50000e-02	-7.98118e-01
3.30000e-01	7.50000e-02	-7.89028e-01
3.30000e-01	8.50000e-02	-7.75299e-01
3.30000e-01	9.50000e-02	-7.54287e-01
3.30000e-01	1.05000e-01	-7.24188e-01
3.30000e-01	1.15000e-01	-6.83899e-01
3.30000e-01	1.25000e-01	-6.32993e-01
3.30000e-01	1.35000e-01	-5.71734e-01
3.30000e-01	1.45000e-01	-5.01090e-01
3.30000e-01	1.55000e-01	-4.22667e-01
3.30000e-01	1.65000e-01	-3.38572e-01
3.30000e-01	1.75000e-01	-2.51169e-01
3.30000e-01	1.85000e-01	-1.62817e-01
3.30000e-01	1.95000e-01	-7.55977e-02
3.30000e-01	2.05000e-01	8.90327e-03
3.30000e-01	2.15000e-01	8.98206e-02
3.30000e-01	2.25000e-01	1.67254e-01
3.30000e-01	2.35000e-01	2.42432e-01
3.30000e-01	2.45000e-01	3.17367e-01
3.30000e-01	2.55000e-01	3.94428e-01
3.30000e-01	2.65000e-01	4.75840e-01
3.30000e-01	2.75000e-01	5.63040e-01
3.30000e-01	2.85000e-01	6.55917e-01
3.30000e-01	2.95000e-01	7.52400e-01
3.30000e-01	3.05000e-01	8.48290e-01
3.30000e-01	3.15000e-01	9.37387e-01
3.30000e-01	3.25000e-01	1.01205e+00
3.30000e-01	3.35000e-01	1.06423e+00
3.30000e-01	3.45000e-01	1.08684e+00
3.30000e-01	3.55000e-01	1.07504e+00
3.30000e-01	3.65000e-01	1.02710e+00
3.30000e-01	3.75000e-01	9.44557e-01
3.30000e-01	3.85000e-01	8.31682e-01
3.30000e-01	3.95000e-01	6.94495e-01
3.30000e-01	4.05000e-01	5.39458e-01
3.30000e-01	4.15000e-01	3.72128e-01
3.30000e-01	4.25000e-01	1.95967e-01
3.30000e-01	4.35000e-01	1.15561e-02
3.30000e-01	4.45000e-01	-1.83554e-01
3.30000e-01	4.55000e-01	-3.94186e-01
3.30000e-01	4.65000e-01	-6.26160e-01
3.30000e-01	4.75000e-01	-8.84578e-01
3.30000e-01	4.85000e-01	-1.17244e+00
3.30000e-01	4.95000e-01	-1.49034e+00

3.50000e-01	5.00000e-03	-6.22234e-01
3.50000e-01	1.50000e-02	-6.22282e-01
3.50000e-01	2.50000e-02	-6.28512e-01
3.50000e-01	3.50000e-02	-6.14942e-01
3.50000e-01	4.50000e-02	-6.02759e-01
3.50000e-01	5.50000e-02	-5.91160e-01
3.50000e-01	6.50000e-02	-5.78316e-01
3.50000e-01	7.50000e-02	-5.62322e-01
3.50000e-01	8.50000e-02	-5.41585e-01
3.50000e-01	9.50000e-02	-5.14942e-01
3.50000e-01	1.05000e-01	-4.81682e-01
3.50000e-01	1.15000e-01	-4.41521e-01
3.50000e-01	1.25000e-01	-3.94589e-01
3.50000e-01	1.35000e-01	-3.41386e-01
3.50000e-01	1.45000e-01	-2.82736e-01
3.50000e-01	1.55000e-01	-2.19701e-01
3.50000e-01	1.65000e-01	-1.53476e-01
3.50000e-01	1.75000e-01	-8.52687e-02
3.50000e-01	1.85000e-01	-1.61797e-02
3.50000e-01	1.95000e-01	5.28942e-02
3.50000e-01	2.05000e-01	1.21341e-01
3.50000e-01	2.15000e-01	1.88888e-01
3.50000e-01	2.25000e-01	2.55643e-01
3.50000e-01	2.35000e-01	3.22075e-01
3.50000e-01	2.45000e-01	3.88923e-01
3.50000e-01	2.55000e-01	4.57019e-01
3.50000e-01	2.65000e-01	5.27049e-01
3.50000e-01	2.75000e-01	5.99251e-01
3.50000e-01	2.85000e-01	6.73082e-01
3.50000e-01	2.95000e-01	7.46936e-01
3.50000e-01	3.05000e-01	8.17962e-01
3.50000e-01	3.15000e-01	8.82069e-01
3.50000e-01	3.25000e-01	9.34173e-01
3.50000e-01	3.35000e-01	9.68739e-01
3.50000e-01	3.45000e-01	9.80560e-01
3.50000e-01	3.55000e-01	9.65592e-01
3.50000e-01	3.65000e-01	9.21626e-01
3.50000e-01	3.75000e-01	8.48605e-01
3.50000e-01	3.85000e-01	7.48473e-01
3.50000e-01	3.95000e-01	6.24594e-01
3.50000e-01	4.05000e-01	4.80893e-01
3.50000e-01	4.15000e-01	3.20900e-01
3.50000e-01	4.25000e-01	1.46933e-01
3.50000e-01	4.35000e-01	-4.03474e-02
3.50000e-01	4.45000e-01	-2.41852e-01
3.50000e-01	4.55000e-01	-4.59408e-01
3.50000e-01	4.65000e-01	-6.94720e-01
3.50000e-01	4.75000e-01	-9.48362e-01
3.50000e-01	4.85000e-01	-1.21934e+00
3.50000e-01	4.95000e-01	-1.50582e+00

3.70000e-01	5.00000e-03	-3.50039e-01
3.70000e-01	1.50000e-02	-3.50098e-01
3.70000e-01	2.50000e-02	-3.82355e-01
3.70000e-01	3.50000e-02	-3.91589e-01
3.70000e-01	4.50000e-02	-3.93598e-01
3.70000e-01	5.50000e-02	-3.89798e-01
3.70000e-01	6.50000e-02	-3.80687e-01
3.70000e-01	7.50000e-02	-3.66306e-01
3.70000e-01	8.50000e-02	-3.46545e-01
3.70000e-01	9.50000e-02	-3.21326e-01
3.70000e-01	1.05000e-01	-2.90691e-01
3.70000e-01	1.15000e-01	-2.54844e-01
3.70000e-01	1.25000e-01	-2.14154e-01
3.70000e-01	1.35000e-01	-1.69141e-01
3.70000e-01	1.45000e-01	-1.20437e-01
3.70000e-01	1.55000e-01	-6.87406e-02
3.70000e-01	1.65000e-01	-1.47637e-02
3.70000e-01	1.75000e-01	4.08221e-02
3.70000e-01	1.85000e-01	9.74319e-02
3.70000e-01	1.95000e-01	1.54603e-01
3.70000e-01	2.05000e-01	2.12019e-01
3.70000e-01	2.15000e-01	2.69519e-01
3.70000e-01	2.25000e-01	3.27094e-01
3.70000e-01	2.35000e-01	3.84856e-01
3.70000e-01	2.45000e-01	4.42985e-01
3.70000e-01	2.55000e-01	5.01627e-01
3.70000e-01	2.65000e-01	5.60773e-01
3.70000e-01	2.75000e-01	6.20091e-01
3.70000e-01	2.85000e-01	6.78749e-01
3.70000e-01	2.95000e-01	7.35255e-01
3.70000e-01	3.05000e-01	7.87349e-01
3.70000e-01	3.15000e-01	8.32001e-01
3.70000e-01	3.25000e-01	8.65556e-01
3.70000e-01	3.35000e-01	8.84047e-01
3.70000e-01	3.45000e-01	8.83656e-01
3.70000e-01	3.55000e-01	8.61238e-01
3.70000e-01	3.65000e-01	8.14774e-01
3.70000e-01	3.75000e-01	7.43635e-01
3.70000e-01	3.85000e-01	6.48565e-01
3.70000e-01	3.95000e-01	5.31369e-01
3.70000e-01	4.05000e-01	3.94405e-01
3.70000e-01	4.15000e-01	2.40014e-01
3.70000e-01	4.25000e-01	7.00668e-02
3.70000e-01	4.35000e-01	-1.14212e-01
3.70000e-01	4.45000e-01	-3.12061e-01
3.70000e-01	4.55000e-01	-5.22690e-01
3.70000e-01	4.65000e-01	-7.44696e-01
3.70000e-01	4.75000e-01	-9.75708e-01
3.70000e-01	4.85000e-01	-1.21268e+00
3.70000e-01	4.95000e-01	-1.45315e+00

3.90000e-01	5.00000e-03	-1.40840e-01
3.90000e-01	1.50000e-02	-1.40906e-01
3.90000e-01	2.50000e-02	-1.81528e-01
3.90000e-01	3.50000e-02	-2.03461e-01
3.90000e-01	4.50000e-02	-2.15785e-01
3.90000e-01	5.50000e-02	-2.19906e-01
3.90000e-01	6.50000e-02	-2.16836e-01
3.90000e-01	7.50000e-02	-2.07307e-01
3.90000e-01	8.50000e-02	-1.91875e-01
3.90000e-01	9.50000e-02	-1.71018e-01
3.90000e-01	1.05000e-01	-1.45187e-01
3.90000e-01	1.15000e-01	-1.14849e-01
3.90000e-01	1.25000e-01	-8.04953e-02
3.90000e-01	1.35000e-01	-4.26396e-02
3.90000e-01	1.45000e-01	-1.80858e-03
3.90000e-01	1.55000e-01	4.14779e-02
3.90000e-01	1.65000e-01	8.67260e-02
3.90000e-01	1.75000e-01	1.33486e-01
3.90000e-01	1.85000e-01	1.81369e-01
3.90000e-01	1.95000e-01	2.30053e-01
3.90000e-01	2.05000e-01	2.79284e-01
3.90000e-01	2.15000e-01	3.28878e-01
3.90000e-01	2.25000e-01	3.78699e-01
3.90000e-01	2.35000e-01	4.28634e-01
3.90000e-01	2.45000e-01	4.78553e-01
3.90000e-01	2.55000e-01	5.28244e-01
3.90000e-01	2.65000e-01	5.77338e-01
3.90000e-01	2.75000e-01	6.25209e-01
3.90000e-01	2.85000e-01	6.70876e-01
3.90000e-01	2.95000e-01	7.12916e-01
3.90000e-01	3.05000e-01	7.49412e-01
3.90000e-01	3.15000e-01	7.77971e-01
3.90000e-01	3.25000e-01	7.95820e-01
3.90000e-01	3.35000e-01	8.00016e-01
3.90000e-01	3.45000e-01	7.87732e-01
3.90000e-01	3.55000e-01	7.56588e-01
3.90000e-01	3.65000e-01	7.04942e-01
3.90000e-01	3.75000e-01	6.32087e-01
3.90000e-01	3.85000e-01	5.38270e-01
3.90000e-01	3.95000e-01	4.24554e-01
3.90000e-01	4.05000e-01	2.92556e-01
3.90000e-01	4.15000e-01	1.44160e-01
3.90000e-01	4.25000e-01	-1.86839e-02
3.90000e-01	4.35000e-01	-1.93991e-01
3.90000e-01	4.45000e-01	-3.79591e-01
3.90000e-01	4.55000e-01	-5.72876e-01
3.90000e-01	4.65000e-01	-7.70625e-01
3.90000e-01	4.75000e-01	-9.69141e-01
3.90000e-01	4.85000e-01	-1.16493e+00
3.90000e-01	4.95000e-01	-1.35603e+00

4.10000e-01	5.00000e-03	5.74209e-03
4.10000e-01	1.50000e-02	5.67273e-03
4.10000e-01	2.50000e-02	-3.47339e-02
4.10000e-01	3.50000e-02	-6.19616e-02
4.10000e-01	4.50000e-02	-7.98016e-02
4.10000e-01	5.50000e-02	-8.92093e-02
4.10000e-01	6.50000e-02	-9.10798e-02
4.10000e-01	7.50000e-02	-8.62192e-02
4.10000e-01	8.50000e-02	-7.53489e-02
4.10000e-01	9.50000e-02	-5.91217e-02
4.10000e-01	1.05000e-01	-3.81390e-02
4.10000e-01	1.15000e-01	-1.29644e-02
4.10000e-01	1.25000e-01	1.58693e-02
4.10000e-01	1.35000e-01	4.78572e-02
4.10000e-01	1.45000e-01	8.25235e-02
4.10000e-01	1.55000e-01	1.19424e-01
4.10000e-01	1.65000e-01	1.58151e-01
4.10000e-01	1.75000e-01	1.98333e-01
4.10000e-01	1.85000e-01	2.39637e-01
4.10000e-01	1.95000e-01	2.81762e-01
4.10000e-01	2.05000e-01	3.24440e-01
4.10000e-01	2.15000e-01	3.67418e-01
4.10000e-01	2.25000e-01	4.10446e-01
4.10000e-01	2.35000e-01	4.53252e-01
4.10000e-01	2.45000e-01	4.95511e-01
4.10000e-01	2.55000e-01	5.36802e-01
4.10000e-01	2.65000e-01	5.76555e-01
4.10000e-01	2.75000e-01	6.13999e-01
4.10000e-01	2.85000e-01	6.48100e-01
4.10000e-01	2.95000e-01	6.77524e-01
4.10000e-01	3.05000e-01	7.00615e-01
4.10000e-01	3.15000e-01	7.15430e-01
4.10000e-01	3.25000e-01	7.19814e-01
4.10000e-01	3.35000e-01	7.11550e-01
4.10000e-01	3.45000e-01	6.88545e-01
4.10000e-01	3.55000e-01	6.49048e-01
4.10000e-01	3.65000e-01	5.91847e-01
4.10000e-01	3.75000e-01	5.16402e-01
4.10000e-01	3.85000e-01	4.22896e-01
4.10000e-01	3.95000e-01	3.12186e-01
4.10000e-01	4.05000e-01	1.85702e-01
4.10000e-01	4.15000e-01	4.53242e-02
4.10000e-01	4.25000e-01	-1.06689e-01
4.10000e-01	4.35000e-01	-2.67700e-01
4.10000e-01	4.45000e-01	-4.34643e-01
4.10000e-01	4.55000e-01	-6.03991e-01
4.10000e-01	4.65000e-01	-7.71875e-01
4.10000e-01	4.75000e-01	-9.34488e-01
4.10000e-01	4.85000e-01	-1.08885e+00
4.10000e-01	4.95000e-01	-1.23398e+00

4.30000e-01	5.00000e-03	9.86976e-02
4.30000e-01	1.50000e-02	9.86279e-02
4.30000e-01	2.50000e-02	6.20125e-02
4.30000e-01	3.50000e-02	3.40703e-02
4.30000e-01	4.50000e-02	1.45228e-02
4.30000e-01	5.50000e-02	2.76205e-03
4.30000e-01	6.50000e-02	-1.89063e-03
4.30000e-01	7.50000e-02	-1.28662e-04
4.30000e-01	8.50000e-02	7.37136e-03
4.30000e-01	9.50000e-02	1.99657e-02
4.30000e-01	1.05000e-01	3.70501e-02
4.30000e-01	1.15000e-01	5.80620e-02
4.30000e-01	1.25000e-01	8.24800e-02
4.30000e-01	1.35000e-01	1.09822e-01
4.30000e-01	1.45000e-01	1.39644e-01
4.30000e-01	1.55000e-01	1.71537e-01
4.30000e-01	1.65000e-01	2.05121e-01
4.30000e-01	1.75000e-01	2.40046e-01
4.30000e-01	1.85000e-01	2.75980e-01
4.30000e-01	1.95000e-01	3.12605e-01
4.30000e-01	2.05000e-01	3.49609e-01
4.30000e-01	2.15000e-01	3.86671e-01
4.30000e-01	2.25000e-01	4.23447e-01
4.30000e-01	2.35000e-01	4.59552e-01
4.30000e-01	2.45000e-01	4.94537e-01
4.30000e-01	2.55000e-01	5.27858e-01
4.30000e-01	2.65000e-01	5.58844e-01
4.30000e-01	2.75000e-01	5.86667e-01
4.30000e-01	2.85000e-01	6.10311e-01
4.30000e-01	2.95000e-01	6.28557e-01
4.30000e-01	3.05000e-01	6.39990e-01
4.30000e-01	3.15000e-01	6.43030e-01
4.30000e-01	3.25000e-01	6.36007e-01
4.30000e-01	3.35000e-01	6.17261e-01
4.30000e-01	3.45000e-01	5.85285e-01
4.30000e-01	3.55000e-01	5.38864e-01
4.30000e-01	3.65000e-01	4.77220e-01
4.30000e-01	3.75000e-01	4.00110e-01
4.30000e-01	3.85000e-01	3.07885e-01
4.30000e-01	3.95000e-01	2.01495e-01
4.30000e-01	4.05000e-01	8.24597e-02
4.30000e-01	4.15000e-01	-4.71757e-02
4.30000e-01	4.25000e-01	-1.84876e-01
4.30000e-01	4.35000e-01	-3.27645e-01
4.30000e-01	4.45000e-01	-4.72081e-01
4.30000e-01	4.55000e-01	-6.14504e-01
4.30000e-01	4.65000e-01	-7.51228e-01
4.30000e-01	4.75000e-01	-8.79035e-01
4.30000e-01	4.85000e-01	-9.95860e-01
4.30000e-01	4.95000e-01	-1.10164e+00

4.50000e-01	5.00000e-03	1.49947e-01
4.50000e-01	1.50000e-02	1.49880e-01
4.50000e-01	2.50000e-02	1.18195e-01
4.50000e-01	3.50000e-02	9.20893e-02
4.50000e-01	4.50000e-02	7.33302e-02
4.50000e-01	5.50000e-02	6.14811e-02
4.50000e-01	6.50000e-02	5.60145e-02
4.50000e-01	7.50000e-02	5.63579e-02
4.50000e-01	8.50000e-02	6.19269e-02
4.50000e-01	9.50000e-02	7.21477e-02
4.50000e-01	1.05000e-01	8.64716e-02
4.50000e-01	1.15000e-01	1.04382e-01
4.50000e-01	1.25000e-01	1.25397e-01
4.50000e-01	1.35000e-01	1.49070e-01
4.50000e-01	1.45000e-01	1.74987e-01
4.50000e-01	1.55000e-01	2.02760e-01
4.50000e-01	1.65000e-01	2.32026e-01
4.50000e-01	1.75000e-01	2.62434e-01
4.50000e-01	1.85000e-01	2.93640e-01
4.50000e-01	1.95000e-01	3.25303e-01
4.50000e-01	2.05000e-01	3.57066e-01
4.50000e-01	2.15000e-01	3.88555e-01
4.50000e-01	2.25000e-01	4.19360e-01
4.50000e-01	2.35000e-01	4.49025e-01
4.50000e-01	2.45000e-01	4.77028e-01
4.50000e-01	2.55000e-01	5.02765e-01
4.50000e-01	2.65000e-01	5.25533e-01
4.50000e-01	2.75000e-01	5.44510e-01
4.50000e-01	2.85000e-01	5.58750e-01
4.50000e-01	2.95000e-01	5.67178e-01
4.50000e-01	3.05000e-01	5.68612e-01
4.50000e-01	3.15000e-01	5.61799e-01
4.50000e-01	3.25000e-01	5.45473e-01
4.50000e-01	3.35000e-01	5.18441e-01
4.50000e-01	3.45000e-01	4.79681e-01
4.50000e-01	3.55000e-01	4.28452e-01
4.50000e-01	3.65000e-01	3.64388e-01
4.50000e-01	3.75000e-01	2.87586e-01
4.50000e-01	3.85000e-01	1.98655e-01
4.50000e-01	3.95000e-01	9.87377e-02
4.50000e-01	4.05000e-01	-1.04906e-02
4.50000e-01	4.15000e-01	-1.26852e-01
4.50000e-01	4.25000e-01	-2.47713e-01
4.50000e-01	4.35000e-01	-3.70054e-01
4.50000e-01	4.45000e-01	-4.90605e-01
4.50000e-01	4.55000e-01	-6.06047e-01
4.50000e-01	4.65000e-01	-7.13326e-01
4.50000e-01	4.75000e-01	-8.10082e-01
4.50000e-01	4.85000e-01	-8.95160e-01
4.50000e-01	4.95000e-01	-9.69165e-01

4.70000e-01	5.00000e-03	1.70931e-01
4.70000e-01	1.50000e-02	1.70868e-01
4.70000e-01	2.50000e-02	1.44234e-01
4.70000e-01	3.50000e-02	1.21276e-01
4.70000e-01	4.50000e-02	1.04743e-01
4.70000e-01	5.50000e-02	9.42448e-02
4.70000e-01	6.50000e-02	8.93287e-02
4.70000e-01	7.50000e-02	8.95041e-02
4.70000e-01	8.50000e-02	9.42685e-02
4.70000e-01	9.50000e-02	1.03125e-01
4.70000e-01	1.05000e-01	1.15592e-01
4.70000e-01	1.15000e-01	1.31213e-01
4.70000e-01	1.25000e-01	1.49559e-01
4.70000e-01	1.35000e-01	1.70225e-01
4.70000e-01	1.45000e-01	1.92828e-01
4.70000e-01	1.55000e-01	2.17006e-01
4.70000e-01	1.65000e-01	2.42406e-01
4.70000e-01	1.75000e-01	2.68679e-01
4.70000e-01	1.85000e-01	2.95474e-01
4.70000e-01	1.95000e-01	3.22430e-01
4.70000e-01	2.05000e-01	3.49163e-01
4.70000e-01	2.15000e-01	3.75266e-01
4.70000e-01	2.25000e-01	4.00292e-01
4.70000e-01	2.35000e-01	4.23750e-01
4.70000e-01	2.45000e-01	4.45091e-01
4.70000e-01	2.55000e-01	4.63701e-01
4.70000e-01	2.65000e-01	4.78895e-01
4.70000e-01	2.75000e-01	4.89906e-01
4.70000e-01	2.85000e-01	4.95893e-01
4.70000e-01	2.95000e-01	4.95950e-01
4.70000e-01	3.05000e-01	4.89127e-01
4.70000e-01	3.15000e-01	4.74468e-01
4.70000e-01	3.25000e-01	4.51066e-01
4.70000e-01	3.35000e-01	4.18125e-01
4.70000e-01	3.45000e-01	3.75038e-01
4.70000e-01	3.55000e-01	3.21470e-01
4.70000e-01	3.65000e-01	2.57422e-01
4.70000e-01	3.75000e-01	1.83304e-01
4.70000e-01	3.85000e-01	9.99661e-02
4.70000e-01	3.95000e-01	8.71959e-03
4.70000e-01	4.05000e-01	-8.86720e-02
4.70000e-01	4.15000e-01	-1.90030e-01
4.70000e-01	4.25000e-01	-2.92829e-01
4.70000e-01	4.35000e-01	-3.94305e-01
4.70000e-01	4.45000e-01	-4.91619e-01
4.70000e-01	4.55000e-01	-5.82071e-01
4.70000e-01	4.65000e-01	-6.63387e-01
4.70000e-01	4.75000e-01	-7.34045e-01
4.70000e-01	4.85000e-01	-7.93616e-01
4.70000e-01	4.95000e-01	-8.43079e-01

4.90000e-01	5.00000e-03	1.71106e-01
4.90000e-01	1.50000e-02	1.71048e-01
4.90000e-01	2.50000e-02	1.49270e-01
4.90000e-01	3.50000e-02	1.30070e-01
4.90000e-01	4.50000e-02	1.16477e-01
4.90000e-01	5.50000e-02	1.08087e-01
4.90000e-01	6.50000e-02	1.04475e-01
4.90000e-01	7.50000e-02	1.05202e-01
4.90000e-01	8.50000e-02	1.09831e-01
4.90000e-01	9.50000e-02	1.17933e-01
4.90000e-01	1.05000e-01	1.29092e-01
4.90000e-01	1.15000e-01	1.42913e-01
4.90000e-01	1.25000e-01	1.59020e-01
4.90000e-01	1.35000e-01	1.77054e-01
4.90000e-01	1.45000e-01	1.96668e-01
4.90000e-01	1.55000e-01	2.17526e-01
4.90000e-01	1.65000e-01	2.39290e-01
4.90000e-01	1.75000e-01	2.61622e-01
4.90000e-01	1.85000e-01	2.84172e-01
4.90000e-01	1.95000e-01	3.06571e-01
4.90000e-01	2.05000e-01	3.28429e-01
4.90000e-01	2.15000e-01	3.49326e-01
4.90000e-01	2.25000e-01	3.68808e-01
4.90000e-01	2.35000e-01	3.86380e-01
4.90000e-01	2.45000e-01	4.01506e-01
4.90000e-01	2.55000e-01	4.13601e-01
4.90000e-01	2.65000e-01	4.22032e-01
4.90000e-01	2.75000e-01	4.26126e-01
4.90000e-01	2.85000e-01	4.25172e-01
4.90000e-01	2.95000e-01	4.18440e-01
4.90000e-01	3.05000e-01	4.05210e-01
4.90000e-01	3.15000e-01	3.84798e-01
4.90000e-01	3.25000e-01	3.56611e-01
4.90000e-01	3.35000e-01	3.20190e-01
4.90000e-01	3.45000e-01	2.75274e-01
4.90000e-01	3.55000e-01	2.21856e-01
4.90000e-01	3.65000e-01	1.60235e-01
4.90000e-01	3.75000e-01	9.10553e-02
4.90000e-01	3.85000e-01	1.53321e-02
4.90000e-01	3.95000e-01	-6.55472e-02
4.90000e-01	4.05000e-01	-1.49846e-01
4.90000e-01	4.15000e-01	-2.35529e-01
4.90000e-01	4.25000e-01	-3.20350e-01
4.90000e-01	4.35000e-01	-4.01966e-01
4.90000e-01	4.45000e-01	-4.78103e-01
4.90000e-01	4.55000e-01	-5.46741e-01
4.90000e-01	4.65000e-01	-6.06340e-01
4.90000e-01	4.75000e-01	-6.56057e-01
4.90000e-01	4.85000e-01	-6.95950e-01
4.90000e-01	4.95000e-01	-7.27136e-01

5.10000e-01	5.00000e-03	1.57655e-01
5.10000e-01	1.50000e-02	1.57606e-01
5.10000e-01	2.50000e-02	1.40462e-01
5.10000e-01	3.50000e-02	1.25247e-01
5.10000e-01	4.50000e-02	1.14846e-01
5.10000e-01	5.50000e-02	1.08838e-01
5.10000e-01	6.50000e-02	1.06813e-01
5.10000e-01	7.50000e-02	1.08375e-01
5.10000e-01	8.50000e-02	1.13143e-01
5.10000e-01	9.50000e-02	1.20749e-01
5.10000e-01	1.05000e-01	1.30842e-01
5.10000e-01	1.15000e-01	1.43084e-01
5.10000e-01	1.25000e-01	1.57153e-01
5.10000e-01	1.35000e-01	1.72734e-01
5.10000e-01	1.45000e-01	1.89519e-01
5.10000e-01	1.55000e-01	2.07200e-01
5.10000e-01	1.65000e-01	2.25465e-01
5.10000e-01	1.75000e-01	2.43989e-01
5.10000e-01	1.85000e-01	2.62436e-01
5.10000e-01	1.95000e-01	2.80445e-01
5.10000e-01	2.05000e-01	2.97635e-01
5.10000e-01	2.15000e-01	3.13597e-01
5.10000e-01	2.25000e-01	3.27893e-01
5.10000e-01	2.35000e-01	3.40055e-01
5.10000e-01	2.45000e-01	3.49584e-01
5.10000e-01	2.55000e-01	3.55954e-01
5.10000e-01	2.65000e-01	3.58615e-01
5.10000e-01	2.75000e-01	3.57003e-01
5.10000e-01	2.85000e-01	3.50552e-01
5.10000e-01	2.95000e-01	3.38710e-01
5.10000e-01	3.05000e-01	3.20967e-01
5.10000e-01	3.15000e-01	2.96886e-01
5.10000e-01	3.25000e-01	2.66134e-01
5.10000e-01	3.35000e-01	2.28530e-01
5.10000e-01	3.45000e-01	1.84083e-01
5.10000e-01	3.55000e-01	1.33031e-01
5.10000e-01	3.65000e-01	7.58761e-02
5.10000e-01	3.75000e-01	1.34054e-02
5.10000e-01	3.85000e-01	-5.33024e-02
5.10000e-01	3.95000e-01	-1.22890e-01
5.10000e-01	4.05000e-01	-1.93757e-01
5.10000e-01	4.15000e-01	-2.64124e-01
5.10000e-01	4.25000e-01	-3.32113e-01
5.10000e-01	4.35000e-01	-3.95867e-01
5.10000e-01	4.45000e-01	-4.53684e-01
5.10000e-01	4.55000e-01	-5.04162e-01
5.10000e-01	4.65000e-01	-5.46352e-01
5.10000e-01	4.75000e-01	-5.79898e-01
5.10000e-01	4.85000e-01	-6.05133e-01
5.10000e-01	4.95000e-01	-6.23150e-01

5.30000e-01	5.00000e-03	1.35796e-01
5.30000e-01	1.50000e-02	1.35755e-01
5.30000e-01	2.50000e-02	1.23073e-01
5.30000e-01	3.50000e-02	1.11848e-01
5.30000e-01	4.50000e-02	1.04612e-01
5.30000e-01	5.50000e-02	1.00951e-01
5.30000e-01	6.50000e-02	1.00489e-01
5.30000e-01	7.50000e-02	1.02880e-01
5.30000e-01	8.50000e-02	1.07799e-01
5.30000e-01	9.50000e-02	1.14942e-01
5.30000e-01	1.05000e-01	1.24015e-01
5.30000e-01	1.15000e-01	1.34740e-01
5.30000e-01	1.25000e-01	1.46843e-01
5.30000e-01	1.35000e-01	1.60056e-01
5.30000e-01	1.45000e-01	1.74109e-01
5.30000e-01	1.55000e-01	1.88727e-01
5.30000e-01	1.65000e-01	2.03625e-01
5.30000e-01	1.75000e-01	2.18504e-01
5.30000e-01	1.85000e-01	2.33047e-01
5.30000e-01	1.95000e-01	2.46918e-01
5.30000e-01	2.05000e-01	2.59760e-01
5.30000e-01	2.15000e-01	2.71192e-01
5.30000e-01	2.25000e-01	2.80812e-01
5.30000e-01	2.35000e-01	2.88198e-01
5.30000e-01	2.45000e-01	2.92911e-01
5.30000e-01	2.55000e-01	2.94501e-01
5.30000e-01	2.65000e-01	2.92516e-01
5.30000e-01	2.75000e-01	2.86510e-01
5.30000e-01	2.85000e-01	2.76059e-01
5.30000e-01	2.95000e-01	2.60780e-01
5.30000e-01	3.05000e-01	2.40349e-01
5.30000e-01	3.15000e-01	2.14532e-01
5.30000e-01	3.25000e-01	1.83210e-01
5.30000e-01	3.35000e-01	1.46409e-01
5.30000e-01	3.45000e-01	1.04329e-01
5.30000e-01	3.55000e-01	5.73689e-02
5.30000e-01	3.65000e-01	6.14206e-03
5.30000e-01	3.75000e-01	-4.85160e-02
5.30000e-01	3.85000e-01	-1.05556e-01
5.30000e-01	3.95000e-01	-1.63737e-01
5.30000e-01	4.05000e-01	-2.21673e-01
5.30000e-01	4.15000e-01	-2.77891e-01
5.30000e-01	4.25000e-01	-3.30910e-01
5.30000e-01	4.35000e-01	-3.79340e-01
5.30000e-01	4.45000e-01	-4.21979e-01
5.30000e-01	4.55000e-01	-4.57923e-01
5.30000e-01	4.65000e-01	-4.86656e-01
5.30000e-01	4.75000e-01	-5.08128e-01
5.30000e-01	4.85000e-01	-5.22795e-01
5.30000e-01	4.95000e-01	-5.31630e-01

5.50000e-01	5.00000e-03	1.09259e-01
5.50000e-01	1.50000e-02	1.09229e-01
5.50000e-01	2.50000e-02	1.00851e-01
5.50000e-01	3.50000e-02	9.34809e-02
5.50000e-01	4.50000e-02	8.92173e-02
5.50000e-01	5.50000e-02	8.76991e-02
5.50000e-01	6.50000e-02	8.86124e-02
5.50000e-01	7.50000e-02	9.16755e-02
5.50000e-01	8.50000e-02	9.66296e-02
5.50000e-01	9.50000e-02	1.03232e-01
5.50000e-01	1.05000e-01	1.11250e-01
5.50000e-01	1.15000e-01	1.20460e-01
5.50000e-01	1.25000e-01	1.30637e-01
5.50000e-01	1.35000e-01	1.41556e-01
5.50000e-01	1.45000e-01	1.52987e-01
5.50000e-01	1.55000e-01	1.64689e-01
5.50000e-01	1.65000e-01	1.76410e-01
5.50000e-01	1.75000e-01	1.87881e-01
5.50000e-01	1.85000e-01	1.98816e-01
5.50000e-01	1.95000e-01	2.08913e-01
5.50000e-01	2.05000e-01	2.17848e-01
5.50000e-01	2.15000e-01	2.25285e-01
5.50000e-01	2.25000e-01	2.30869e-01
5.50000e-01	2.35000e-01	2.34240e-01
5.50000e-01	2.45000e-01	2.35028e-01
5.50000e-01	2.55000e-01	2.32871e-01
5.50000e-01	2.65000e-01	2.27414e-01
5.50000e-01	2.75000e-01	2.18328e-01
5.50000e-01	2.85000e-01	2.05322e-01
5.50000e-01	2.95000e-01	1.88157e-01
5.50000e-01	3.05000e-01	1.66664e-01
5.50000e-01	3.15000e-01	1.40770e-01
5.50000e-01	3.25000e-01	1.10510e-01
5.50000e-01	3.35000e-01	7.60545e-02
5.50000e-01	3.45000e-01	3.77207e-02
5.50000e-01	3.55000e-01	-4.01174e-03
5.50000e-01	3.65000e-01	-4.84971e-02
5.50000e-01	3.75000e-01	-9.49283e-02
5.50000e-01	3.85000e-01	-1.42353e-01
5.50000e-01	3.95000e-01	-1.89703e-01
5.50000e-01	4.05000e-01	-2.35838e-01
5.50000e-01	4.15000e-01	-2.79598e-01
5.50000e-01	4.25000e-01	-3.19872e-01
5.50000e-01	4.35000e-01	-3.55670e-01
5.50000e-01	4.45000e-01	-3.86192e-01
5.50000e-01	4.55000e-01	-4.10899e-01
5.50000e-01	4.65000e-01	-4.29563e-01
5.50000e-01	4.75000e-01	-4.42303e-01
5.50000e-01	4.85000e-01	-4.49595e-01
5.50000e-01	4.95000e-01	-4.52260e-01

5.70000e-01	5.00000e-03	8.07370e-02
5.70000e-01	1.50000e-02	8.07166e-02
5.70000e-01	2.50000e-02	7.64468e-02
5.70000e-01	3.50000e-02	7.26905e-02
5.70000e-01	4.50000e-02	7.11162e-02
5.70000e-01	5.50000e-02	7.14623e-02
5.70000e-01	6.50000e-02	7.35038e-02
5.70000e-01	7.50000e-02	7.70388e-02
5.70000e-01	8.50000e-02	8.18808e-02
5.70000e-01	9.50000e-02	8.78521e-02
5.70000e-01	1.05000e-01	9.47795e-02
5.70000e-01	1.15000e-01	1.02490e-01
5.70000e-01	1.25000e-01	1.10807e-01
5.70000e-01	1.35000e-01	1.19548e-01
5.70000e-01	1.45000e-01	1.28522e-01
5.70000e-01	1.55000e-01	1.37524e-01
5.70000e-01	1.65000e-01	1.46337e-01
5.70000e-01	1.75000e-01	1.54727e-01
5.70000e-01	1.85000e-01	1.62446e-01
5.70000e-01	1.95000e-01	1.69230e-01
5.70000e-01	2.05000e-01	1.74801e-01
5.70000e-01	2.15000e-01	1.78871e-01
5.70000e-01	2.25000e-01	1.81145e-01
5.70000e-01	2.35000e-01	1.81324e-01
5.70000e-01	2.45000e-01	1.79117e-01
5.70000e-01	2.55000e-01	1.74244e-01
5.70000e-01	2.65000e-01	1.66447e-01
5.70000e-01	2.75000e-01	1.55500e-01
5.70000e-01	2.85000e-01	1.41225e-01
5.70000e-01	2.95000e-01	1.23500e-01
5.70000e-01	3.05000e-01	1.02277e-01
5.70000e-01	3.15000e-01	7.75958e-02
5.70000e-01	3.25000e-01	4.95952e-02
5.70000e-01	3.35000e-01	1.85282e-02
5.70000e-01	3.45000e-01	-1.52321e-02
5.70000e-01	3.55000e-01	-5.11885e-02
5.70000e-01	3.65000e-01	-8.87234e-02
5.70000e-01	3.75000e-01	-1.27110e-01
5.70000e-01	3.85000e-01	-1.65532e-01
5.70000e-01	3.95000e-01	-2.03114e-01
5.70000e-01	4.05000e-01	-2.38959e-01
5.70000e-01	4.15000e-01	-2.72195e-01
5.70000e-01	4.25000e-01	-3.02022e-01
5.70000e-01	4.35000e-01	-3.27768e-01
5.70000e-01	4.45000e-01	-3.48930e-01
5.70000e-01	4.55000e-01	-3.65217e-01
5.70000e-01	4.65000e-01	-3.76577e-01
5.70000e-01	4.75000e-01	-3.83204e-01
5.70000e-01	4.85000e-01	-3.85539e-01
5.70000e-01	4.95000e-01	-3.84240e-01

5.90000e-01	5.00000e-03	5.21996e-02
5.90000e-01	1.50000e-02	5.21887e-02
5.90000e-01	2.50000e-02	5.17387e-02
5.90000e-01	3.50000e-02	5.12731e-02
5.90000e-01	4.50000e-02	5.20649e-02
5.90000e-01	5.50000e-02	5.39846e-02
5.90000e-01	6.50000e-02	5.69146e-02
5.90000e-01	7.50000e-02	6.07424e-02
5.90000e-01	8.50000e-02	6.53570e-02
5.90000e-01	9.50000e-02	7.06458e-02
5.90000e-01	1.05000e-01	7.64918e-02
5.90000e-01	1.15000e-01	8.27719e-02
5.90000e-01	1.25000e-01	8.93545e-02
5.90000e-01	1.35000e-01	9.60976e-02
5.90000e-01	1.45000e-01	1.02847e-01
5.90000e-01	1.55000e-01	1.09437e-01
5.90000e-01	1.65000e-01	1.15685e-01
5.90000e-01	1.75000e-01	1.21396e-01
5.90000e-01	1.85000e-01	1.26362e-01
5.90000e-01	1.95000e-01	1.30362e-01
5.90000e-01	2.05000e-01	1.33168e-01
5.90000e-01	2.15000e-01	1.34542e-01
5.90000e-01	2.25000e-01	1.34249e-01
5.90000e-01	2.35000e-01	1.32057e-01
5.90000e-01	2.45000e-01	1.27744e-01
5.90000e-01	2.55000e-01	1.21109e-01
5.90000e-01	2.65000e-01	1.11977e-01
5.90000e-01	2.75000e-01	1.00211e-01
5.90000e-01	2.85000e-01	8.57203e-02
5.90000e-01	2.95000e-01	6.84724e-02
5.90000e-01	3.05000e-01	4.85022e-02
5.90000e-01	3.15000e-01	2.59218e-02
5.90000e-01	3.25000e-01	9.28456e-04
5.90000e-01	3.35000e-01	-2.61901e-02
5.90000e-01	3.45000e-01	-5.50536e-02
5.90000e-01	3.55000e-01	-8.51923e-02
5.90000e-01	3.65000e-01	-1.16054e-01
5.90000e-01	3.75000e-01	-1.47020e-01
5.90000e-01	3.85000e-01	-1.77423e-01
5.90000e-01	3.95000e-01	-2.06574e-01
5.90000e-01	4.05000e-01	-2.33798e-01
5.90000e-01	4.15000e-01	-2.58459e-01
5.90000e-01	4.25000e-01	-2.80007e-01
5.90000e-01	4.35000e-01	-2.98004e-01
5.90000e-01	4.45000e-01	-3.12153e-01
5.90000e-01	4.55000e-01	-3.22321e-01
5.90000e-01	4.65000e-01	-3.28551e-01
5.90000e-01	4.75000e-01	-3.31054e-01
5.90000e-01	4.85000e-01	-3.30207e-01
5.90000e-01	4.95000e-01	-3.26522e-01

6.10000e-01	5.00000e-03	2.50927e-02
6.10000e-01	1.50000e-02	2.50903e-02
6.10000e-01	2.50000e-02	2.80588e-02
6.10000e-01	3.50000e-02	3.04972e-02
6.10000e-01	4.50000e-02	3.33213e-02
6.10000e-01	5.50000e-02	3.65462e-02
6.10000e-01	6.50000e-02	4.01667e-02
6.10000e-01	7.50000e-02	4.41609e-02
6.10000e-01	8.50000e-02	4.84914e-02
6.10000e-01	9.50000e-02	5.31073e-02
6.10000e-01	1.05000e-01	5.79445e-02
6.10000e-01	1.15000e-01	6.29258e-02
6.10000e-01	1.25000e-01	6.79610e-02
6.10000e-01	1.35000e-01	7.29465e-02
6.10000e-01	1.45000e-01	7.77650e-02
6.10000e-01	1.55000e-01	8.22857e-02
6.10000e-01	1.65000e-01	8.63642e-02
6.10000e-01	1.75000e-01	8.98439e-02
6.10000e-01	1.85000e-01	9.25572e-02
6.10000e-01	1.95000e-01	9.43277e-02
6.10000e-01	2.05000e-01	9.49735e-02
6.10000e-01	2.15000e-01	9.43112e-02
6.10000e-01	2.25000e-01	9.21601e-02
6.10000e-01	2.35000e-01	8.83484e-02
6.10000e-01	2.45000e-01	8.27189e-02
6.10000e-01	2.55000e-01	7.51365e-02
6.10000e-01	2.65000e-01	6.54950e-02
6.10000e-01	2.75000e-01	5.37254e-02
6.10000e-01	2.85000e-01	3.98031e-02
6.10000e-01	2.95000e-01	2.37557e-02
6.10000e-01	3.05000e-01	5.66976e-03
6.10000e-01	3.15000e-01	-1.43040e-02
6.10000e-01	3.25000e-01	-3.59470e-02
6.10000e-01	3.35000e-01	-5.89713e-02
6.10000e-01	3.45000e-01	-8.30222e-02
6.10000e-01	3.55000e-01	-1.07684e-01
6.10000e-01	3.65000e-01	-1.32488e-01
6.10000e-01	3.75000e-01	-1.56931e-01
6.10000e-01	3.85000e-01	-1.80488e-01
6.10000e-01	3.95000e-01	-2.02637e-01
6.10000e-01	4.05000e-01	-2.22885e-01
6.10000e-01	4.15000e-01	-2.40786e-01
6.10000e-01	4.25000e-01	-2.55973e-01
6.10000e-01	4.35000e-01	-2.68172e-01
6.10000e-01	4.45000e-01	-2.77223e-01
6.10000e-01	4.55000e-01	-2.83086e-01
6.10000e-01	4.65000e-01	-2.85841e-01
6.10000e-01	4.75000e-01	-2.85690e-01
6.10000e-01	4.85000e-01	-2.82934e-01
6.10000e-01	4.95000e-01	-2.77964e-01

6.30000e-01	5.00000e-03	4.42463e-04
6.30000e-01	1.50000e-02	4.47038e-04
6.30000e-01	2.50000e-02	6.32895e-03
6.30000e-01	3.50000e-02	1.12413e-02
6.30000e-01	4.50000e-02	1.57707e-02
6.30000e-01	5.50000e-02	2.00679e-02
6.30000e-01	6.50000e-02	2.42326e-02
6.30000e-01	7.50000e-02	2.83253e-02
6.30000e-01	8.50000e-02	3.23759e-02
6.30000e-01	9.50000e-02	3.63886e-02
6.30000e-01	1.05000e-01	4.03465e-02
6.30000e-01	1.15000e-01	4.42140e-02
6.30000e-01	1.25000e-01	4.79383e-02
6.30000e-01	1.35000e-01	5.14511e-02
6.30000e-01	1.45000e-01	5.46694e-02
6.30000e-01	1.55000e-01	5.74967e-02
6.30000e-01	1.65000e-01	5.98240e-02
6.30000e-01	1.75000e-01	6.15317e-02
6.30000e-01	1.85000e-01	6.24915e-02
6.30000e-01	1.95000e-01	6.25690e-02
6.30000e-01	2.05000e-01	6.16273e-02
6.30000e-01	2.15000e-01	5.95302e-02
6.30000e-01	2.25000e-01	5.61475e-02
6.30000e-01	2.35000e-01	5.13596e-02
6.30000e-01	2.45000e-01	4.50630e-02
6.30000e-01	2.55000e-01	3.71761e-02
6.30000e-01	2.65000e-01	2.76454e-02
6.30000e-01	2.75000e-01	1.64514e-02
6.30000e-01	2.85000e-01	3.61368e-03
6.30000e-01	2.95000e-01	-1.08034e-02
6.30000e-01	3.05000e-01	-2.66874e-02
6.30000e-01	3.15000e-01	-4.38748e-02
6.30000e-01	3.25000e-01	-6.21505e-02
6.30000e-01	3.35000e-01	-8.12495e-02
6.30000e-01	3.45000e-01	-1.00860e-01
6.30000e-01	3.55000e-01	-1.20633e-01
6.30000e-01	3.65000e-01	-1.40187e-01
6.30000e-01	3.75000e-01	-1.59127e-01
6.30000e-01	3.85000e-01	-1.77053e-01
6.30000e-01	3.95000e-01	-1.93583e-01
6.30000e-01	4.05000e-01	-2.08366e-01
6.30000e-01	4.15000e-01	-2.21097e-01
6.30000e-01	4.25000e-01	-2.31541e-01
6.30000e-01	4.35000e-01	-2.39533e-01
6.30000e-01	4.45000e-01	-2.44996e-01
6.30000e-01	4.55000e-01	-2.47938e-01
6.30000e-01	4.65000e-01	-2.48452e-01
6.30000e-01	4.75000e-01	-2.46705e-01
6.30000e-01	4.85000e-01	-2.42934e-01
6.30000e-01	4.95000e-01	-2.37425e-01

6.50000e-01	5.00000e-03	-2.10867e-02
6.50000e-01	1.50000e-02	-2.10767e-02
6.50000e-01	2.50000e-02	-1.28570e-02
6.50000e-01	3.50000e-02	-5.92217e-03
6.50000e-01	4.50000e-02	9.19548e-07
6.50000e-01	5.50000e-02	5.17346e-03
6.50000e-01	6.50000e-02	9.78137e-03
6.50000e-01	7.50000e-02	1.39539e-02
6.50000e-01	8.50000e-02	1.77765e-02
6.50000e-01	9.50000e-02	2.13003e-02
6.50000e-01	1.05000e-01	2.45486e-02
6.50000e-01	1.15000e-01	2.75215e-02
6.50000e-01	1.25000e-01	3.01993e-02
6.50000e-01	1.35000e-01	3.25451e-02
6.50000e-01	1.45000e-01	3.45070e-02
6.50000e-01	1.55000e-01	3.60199e-02
6.50000e-01	1.65000e-01	3.70074e-02
6.50000e-01	1.75000e-01	3.73839e-02
6.50000e-01	1.85000e-01	3.70570e-02
6.50000e-01	1.95000e-01	3.59303e-02
6.50000e-01	2.05000e-01	3.39064e-02
6.50000e-01	2.15000e-01	3.08909e-02
6.50000e-01	2.25000e-01	2.67960e-02
6.50000e-01	2.35000e-01	2.15450e-02
6.50000e-01	2.45000e-01	1.50769e-02
6.50000e-01	2.55000e-01	7.35102e-03
6.50000e-01	2.65000e-01	-1.64832e-03
6.50000e-01	2.75000e-01	-1.19077e-02
6.50000e-01	2.85000e-01	-2.33808e-02
6.50000e-01	2.95000e-01	-3.59854e-02
6.50000e-01	3.05000e-01	-4.96012e-02
6.50000e-01	3.15000e-01	-6.40696e-02
6.50000e-01	3.25000e-01	-7.91946e-02
6.50000e-01	3.35000e-01	-9.47456e-02
6.50000e-01	3.45000e-01	-1.10462e-01
6.50000e-01	3.55000e-01	-1.26060e-01
6.50000e-01	3.65000e-01	-1.41241e-01
6.50000e-01	3.75000e-01	-1.55704e-01
6.50000e-01	3.85000e-01	-1.69153e-01
6.50000e-01	3.95000e-01	-1.81314e-01
6.50000e-01	4.05000e-01	-1.91943e-01
6.50000e-01	4.15000e-01	-2.00840e-01
6.50000e-01	4.25000e-01	-2.07853e-01
6.50000e-01	4.35000e-01	-2.12892e-01
6.50000e-01	4.45000e-01	-2.15925e-01
6.50000e-01	4.55000e-01	-2.16981e-01
6.50000e-01	4.65000e-01	-2.16145e-01
6.50000e-01	4.75000e-01	-2.13553e-01
6.50000e-01	4.85000e-01	-2.09378e-01
6.50000e-01	4.95000e-01	-2.03826e-01

6.70000e-01	5.00000e-03	-3.91491e-02
6.70000e-01	1.50000e-02	-3.91352e-02
6.70000e-01	2.50000e-02	-2.91775e-02
6.70000e-01	3.50000e-02	-2.06703e-02
6.70000e-01	4.50000e-02	-1.36452e-02
6.70000e-01	5.50000e-02	-7.76500e-03
6.70000e-01	6.50000e-02	-2.78226e-03
6.70000e-01	7.50000e-02	1.48274e-03
6.70000e-01	8.50000e-02	5.15792e-03
6.70000e-01	9.50000e-02	8.33086e-03
6.70000e-01	1.05000e-01	1.10571e-02
6.70000e-01	1.15000e-01	1.33661e-02
6.70000e-01	1.25000e-01	1.52662e-02
6.70000e-01	1.35000e-01	1.67475e-02
6.70000e-01	1.45000e-01	1.77852e-02
6.70000e-01	1.55000e-01	1.83419e-02
6.70000e-01	1.65000e-01	1.83699e-02
6.70000e-01	1.75000e-01	1.78135e-02
6.70000e-01	1.85000e-01	1.66118e-02
6.70000e-01	1.95000e-01	1.47008e-02
6.70000e-01	2.05000e-01	1.20169e-02
6.70000e-01	2.15000e-01	8.49998e-03
6.70000e-01	2.25000e-01	4.09652e-03
6.70000e-01	2.35000e-01	-1.23649e-03
6.70000e-01	2.45000e-01	-7.52803e-03
6.70000e-01	2.55000e-01	-1.47895e-02
6.70000e-01	2.65000e-01	-2.30115e-02
6.70000e-01	2.75000e-01	-3.21605e-02
6.70000e-01	2.85000e-01	-4.21770e-02
6.70000e-01	2.95000e-01	-5.29738e-02
6.70000e-01	3.05000e-01	-6.44350e-02
6.70000e-01	3.15000e-01	-7.64171e-02
6.70000e-01	3.25000e-01	-8.87507e-02
6.70000e-01	3.35000e-01	-1.01243e-01
6.70000e-01	3.45000e-01	-1.13685e-01
6.70000e-01	3.55000e-01	-1.25852e-01
6.70000e-01	3.65000e-01	-1.37518e-01
6.70000e-01	3.75000e-01	-1.48457e-01
6.70000e-01	3.85000e-01	-1.58457e-01
6.70000e-01	3.95000e-01	-1.67325e-01
6.70000e-01	4.05000e-01	-1.74893e-01
6.70000e-01	4.15000e-01	-1.81033e-01
6.70000e-01	4.25000e-01	-1.85651e-01
6.70000e-01	4.35000e-01	-1.88697e-01
6.70000e-01	4.45000e-01	-1.90166e-01
6.70000e-01	4.55000e-01	-1.90090e-01
6.70000e-01	4.65000e-01	-1.88541e-01
6.70000e-01	4.75000e-01	-1.85619e-01
6.70000e-01	4.85000e-01	-1.81449e-01
6.70000e-01	4.95000e-01	-1.76172e-01

6.90000e-01	5.00000e-03	-5.36693e-02
6.90000e-01	1.50000e-02	-5.36528e-02
6.90000e-01	2.50000e-02	-4.25336e-02
6.90000e-01	3.50000e-02	-3.28815e-02
6.90000e-01	4.50000e-02	-2.50231e-02
6.90000e-01	5.50000e-02	-1.85817e-02
6.90000e-01	6.50000e-02	-1.32745e-02
6.90000e-01	7.50000e-02	-8.89065e-03
6.90000e-01	8.50000e-02	-5.27393e-03
6.90000e-01	9.50000e-02	-2.31111e-03
6.90000e-01	1.05000e-01	7.72678e-05
6.90000e-01	1.15000e-01	1.94361e-03
6.90000e-01	1.25000e-01	3.31837e-03
6.90000e-01	1.35000e-01	4.21408e-03
6.90000e-01	1.45000e-01	4.62858e-03
6.90000e-01	1.55000e-01	4.54781e-03
6.90000e-01	1.65000e-01	3.94835e-03
6.90000e-01	1.75000e-01	2.79979e-03
6.90000e-01	1.85000e-01	1.06722e-03
6.90000e-01	1.95000e-01	-1.28632e-03
6.90000e-01	2.05000e-01	-4.29722e-03
6.90000e-01	2.15000e-01	-7.99850e-03
6.90000e-01	2.25000e-01	-1.24171e-02
6.90000e-01	2.35000e-01	-1.75709e-02
6.90000e-01	2.45000e-01	-2.34661e-02
6.90000e-01	2.55000e-01	-3.00944e-02
6.90000e-01	2.65000e-01	-3.74310e-02
6.90000e-01	2.75000e-01	-4.54321e-02
6.90000e-01	2.85000e-01	-5.40344e-02
6.90000e-01	2.95000e-01	-6.31536e-02
6.90000e-01	3.05000e-01	-7.26853e-02
6.90000e-01	3.15000e-01	-8.25055e-02
6.90000e-01	3.25000e-01	-9.24733e-02
6.90000e-01	3.35000e-01	-1.02433e-01
6.90000e-01	3.45000e-01	-1.12220e-01
6.90000e-01	3.55000e-01	-1.21664e-01
6.90000e-01	3.65000e-01	-1.30594e-01
6.90000e-01	3.75000e-01	-1.38847e-01
6.90000e-01	3.85000e-01	-1.46271e-01
6.90000e-01	3.95000e-01	-1.52731e-01
6.90000e-01	4.05000e-01	-1.58118e-01
6.90000e-01	4.15000e-01	-1.62345e-01
6.90000e-01	4.25000e-01	-1.65358e-01
6.90000e-01	4.35000e-01	-1.67131e-01
6.90000e-01	4.45000e-01	-1.67668e-01
6.90000e-01	4.55000e-01	-1.66998e-01
6.90000e-01	4.65000e-01	-1.65175e-01
6.90000e-01	4.75000e-01	-1.62272e-01
6.90000e-01	4.85000e-01	-1.58372e-01
6.90000e-01	4.95000e-01	-1.53567e-01

7.10000e-01	5.00000e-03	-6.47831e-02
7.10000e-01	1.50000e-02	-6.47652e-02
7.10000e-01	2.50000e-02	-5.29977e-02
7.10000e-01	3.50000e-02	-4.25872e-02
7.10000e-01	4.50000e-02	-3.41381e-02
7.10000e-01	5.50000e-02	-2.72668e-02
7.10000e-01	6.50000e-02	-2.16795e-02
7.10000e-01	7.50000e-02	-1.71517e-02
7.10000e-01	8.50000e-02	-1.35125e-02
7.10000e-01	9.50000e-02	-1.06333e-02
7.10000e-01	1.05000e-01	-8.41881e-03
7.10000e-01	1.15000e-01	-6.80039e-03
7.10000e-01	1.25000e-01	-5.73083e-03
7.10000e-01	1.35000e-01	-5.18027e-03
7.10000e-01	1.45000e-01	-5.13281e-03
7.10000e-01	1.55000e-01	-5.58367e-03
7.10000e-01	1.65000e-01	-6.53666e-03
7.10000e-01	1.75000e-01	-8.00183e-03
7.10000e-01	1.85000e-01	-9.99319e-03
7.10000e-01	1.95000e-01	-1.25265e-02
7.10000e-01	2.05000e-01	-1.56169e-02
7.10000e-01	2.15000e-01	-1.92770e-02
7.10000e-01	2.25000e-01	-2.35139e-02
7.10000e-01	2.35000e-01	-2.83278e-02
7.10000e-01	2.45000e-01	-3.37094e-02
7.10000e-01	2.55000e-01	-3.96383e-02
7.10000e-01	2.65000e-01	-4.60812e-02
7.10000e-01	2.75000e-01	-5.29909e-02
7.10000e-01	2.85000e-01	-6.03058e-02
7.10000e-01	2.95000e-01	-6.79493e-02
7.10000e-01	3.05000e-01	-7.58309e-02
7.10000e-01	3.15000e-01	-8.38472e-02
7.10000e-01	3.25000e-01	-9.18842e-02
7.10000e-01	3.35000e-01	-9.98194e-02
7.10000e-01	3.45000e-01	-1.07526e-01
7.10000e-01	3.55000e-01	-1.14875e-01
7.10000e-01	3.65000e-01	-1.21742e-01
7.10000e-01	3.75000e-01	-1.28008e-01
7.10000e-01	3.85000e-01	-1.33568e-01
7.10000e-01	3.95000e-01	-1.38328e-01
7.10000e-01	4.05000e-01	-1.42215e-01
7.10000e-01	4.15000e-01	-1.45174e-01
7.10000e-01	4.25000e-01	-1.47171e-01
7.10000e-01	4.35000e-01	-1.48193e-01
7.10000e-01	4.45000e-01	-1.48247e-01
7.10000e-01	4.55000e-01	-1.47356e-01
7.10000e-01	4.65000e-01	-1.45556e-01
7.10000e-01	4.75000e-01	-1.42895e-01
7.10000e-01	4.85000e-01	-1.39428e-01
7.10000e-01	4.95000e-01	-1.35209e-01

7.30000e-01	5.00000e-03	-7.27695e-02
7.30000e-01	1.50000e-02	-7.27512e-02
7.30000e-01	2.50000e-02	-6.07585e-02
7.30000e-01	3.50000e-02	-4.99215e-02
7.30000e-01	4.50000e-02	-4.10948e-02
7.30000e-01	5.50000e-02	-3.39132e-02
7.30000e-01	6.50000e-02	-2.80911e-02
7.30000e-01	7.50000e-02	-2.34053e-02
7.30000e-01	8.50000e-02	-1.96816e-02
7.30000e-01	9.50000e-02	-1.67852e-02
7.30000e-01	1.05000e-01	-1.46123e-02
7.30000e-01	1.15000e-01	-1.30841e-02
7.30000e-01	1.25000e-01	-1.21418e-02
7.30000e-01	1.35000e-01	-1.17432e-02
7.30000e-01	1.45000e-01	-1.18587e-02
7.30000e-01	1.55000e-01	-1.24692e-02
7.30000e-01	1.65000e-01	-1.35633e-02
7.30000e-01	1.75000e-01	-1.51355e-02
7.30000e-01	1.85000e-01	-1.71837e-02
7.30000e-01	1.95000e-01	-1.97076e-02
7.30000e-01	2.05000e-01	-2.27068e-02
7.30000e-01	2.15000e-01	-2.61785e-02
7.30000e-01	2.25000e-01	-3.01164e-02
7.30000e-01	2.35000e-01	-3.45086e-02
7.30000e-01	2.45000e-01	-3.93359e-02
7.30000e-01	2.55000e-01	-4.45711e-02
7.30000e-01	2.65000e-01	-5.01775e-02
7.30000e-01	2.75000e-01	-5.61084e-02
7.30000e-01	2.85000e-01	-6.23070e-02
7.30000e-01	2.95000e-01	-6.87062e-02
7.30000e-01	3.05000e-01	-7.52298e-02
7.30000e-01	3.15000e-01	-8.17934e-02
7.30000e-01	3.25000e-01	-8.83063e-02
7.30000e-01	3.35000e-01	-9.46734e-02
7.30000e-01	3.45000e-01	-1.00798e-01
7.30000e-01	3.55000e-01	-1.06586e-01
7.30000e-01	3.65000e-01	-1.11944e-01
7.30000e-01	3.75000e-01	-1.16788e-01
7.30000e-01	3.85000e-01	-1.21044e-01
7.30000e-01	3.95000e-01	-1.24648e-01
7.30000e-01	4.05000e-01	-1.27551e-01
7.30000e-01	4.15000e-01	-1.29716e-01
7.30000e-01	4.25000e-01	-1.31122e-01
7.30000e-01	4.35000e-01	-1.31762e-01
7.30000e-01	4.45000e-01	-1.31641e-01
7.30000e-01	4.55000e-01	-1.30774e-01
7.30000e-01	4.65000e-01	-1.29186e-01
7.30000e-01	4.75000e-01	-1.26905e-01
7.30000e-01	4.85000e-01	-1.23961e-01
7.30000e-01	4.95000e-01	-1.20384e-01

7.50000e-01	5.00000e-03	-7.79817e-02
7.50000e-01	1.50000e-02	-7.79634e-02
7.50000e-01	2.50000e-02	-6.60658e-02
7.50000e-01	3.50000e-02	-5.50718e-02
7.50000e-01	4.50000e-02	-4.60481e-02
7.50000e-01	5.50000e-02	-3.86645e-02
7.50000e-01	6.50000e-02	-3.26569e-02
7.50000e-01	7.50000e-02	-2.78142e-02
7.50000e-01	8.50000e-02	-2.39681e-02
7.50000e-01	9.50000e-02	-2.09847e-02
7.50000e-01	1.05000e-01	-1.87578e-02
7.50000e-01	1.15000e-01	-1.72038e-02
7.50000e-01	1.25000e-01	-1.62572e-02
7.50000e-01	1.35000e-01	-1.58674e-02
7.50000e-01	1.45000e-01	-1.59956e-02
7.50000e-01	1.55000e-01	-1.66123e-02
7.50000e-01	1.65000e-01	-1.76951e-02
7.50000e-01	1.75000e-01	-1.92270e-02
7.50000e-01	1.85000e-01	-2.11941e-02
7.50000e-01	1.95000e-01	-2.35847e-02
7.50000e-01	2.05000e-01	-2.63870e-02
7.50000e-01	2.15000e-01	-2.95879e-02
7.50000e-01	2.25000e-01	-3.31719e-02
7.50000e-01	2.35000e-01	-3.71192e-02
7.50000e-01	2.45000e-01	-4.14052e-02
7.50000e-01	2.55000e-01	-4.59995e-02
7.50000e-01	2.65000e-01	-5.08649e-02
7.50000e-01	2.75000e-01	-5.59575e-02
7.50000e-01	2.85000e-01	-6.12264e-02
7.50000e-01	2.95000e-01	-6.66142e-02
7.50000e-01	3.05000e-01	-7.20576e-02
7.50000e-01	3.15000e-01	-7.74885e-02
7.50000e-01	3.25000e-01	-8.28354e-02
7.50000e-01	3.35000e-01	-8.80250e-02
7.50000e-01	3.45000e-01	-9.29844e-02
7.50000e-01	3.55000e-01	-9.76425e-02
7.50000e-01	3.65000e-01	-1.01933e-01
7.50000e-01	3.75000e-01	-1.05794e-01
7.50000e-01	3.85000e-01	-1.09174e-01
7.50000e-01	3.95000e-01	-1.12027e-01
7.50000e-01	4.05000e-01	-1.14320e-01
7.50000e-01	4.15000e-01	-1.16028e-01
7.50000e-01	4.25000e-01	-1.17138e-01
7.50000e-01	4.35000e-01	-1.17643e-01
7.50000e-01	4.45000e-01	-1.17546e-01
7.50000e-01	4.55000e-01	-1.16857e-01
7.50000e-01	4.65000e-01	-1.15588e-01
7.50000e-01	4.75000e-01	-1.13755e-01
7.50000e-01	4.85000e-01	-1.11372e-01
7.50000e-01	4.95000e-01	-1.08452e-01

7.70000e-01	5.00000e-03	-8.07824e-02
7.70000e-01	1.50000e-02	-8.07646e-02
7.70000e-01	2.50000e-02	-6.91793e-02
7.70000e-01	3.50000e-02	-5.82335e-02
7.70000e-01	4.50000e-02	-4.91592e-02
7.70000e-01	5.50000e-02	-4.16693e-02
7.70000e-01	6.50000e-02	-3.55289e-02
7.70000e-01	7.50000e-02	-3.05458e-02
7.70000e-01	8.50000e-02	-2.65635e-02
7.70000e-01	9.50000e-02	-2.34543e-02
7.70000e-01	1.05000e-01	-2.11145e-02
7.70000e-01	1.15000e-01	-1.94600e-02
7.70000e-01	1.25000e-01	-1.84225e-02
7.70000e-01	1.35000e-01	-1.79468e-02
7.70000e-01	1.45000e-01	-1.79885e-02
7.70000e-01	1.55000e-01	-1.85110e-02
7.70000e-01	1.65000e-01	-1.94847e-02
7.70000e-01	1.75000e-01	-2.08845e-02
7.70000e-01	1.85000e-01	-2.26886e-02
7.70000e-01	1.95000e-01	-2.48771e-02
7.70000e-01	2.05000e-01	-2.74307e-02
7.70000e-01	2.15000e-01	-3.03295e-02
7.70000e-01	2.25000e-01	-3.35520e-02
7.70000e-01	2.35000e-01	-3.70740e-02
7.70000e-01	2.45000e-01	-4.08681e-02
7.70000e-01	2.55000e-01	-4.49028e-02
7.70000e-01	2.65000e-01	-4.91424e-02
7.70000e-01	2.75000e-01	-5.35465e-02
7.70000e-01	2.85000e-01	-5.80702e-02
7.70000e-01	2.95000e-01	-6.26649e-02
7.70000e-01	3.05000e-01	-6.72781e-02
7.70000e-01	3.15000e-01	-7.18549e-02
7.70000e-01	3.25000e-01	-7.63388e-02
7.70000e-01	3.35000e-01	-8.06731e-02
7.70000e-01	3.45000e-01	-8.48019e-02
7.70000e-01	3.55000e-01	-8.86721e-02
7.70000e-01	3.65000e-01	-9.22339e-02
7.70000e-01	3.75000e-01	-9.54429e-02
7.70000e-01	3.85000e-01	-9.82605e-02
7.70000e-01	3.95000e-01	-1.00655e-01
7.70000e-01	4.05000e-01	-1.02601e-01
7.70000e-01	4.15000e-01	-1.04081e-01
7.70000e-01	4.25000e-01	-1.05085e-01
7.70000e-01	4.35000e-01	-1.05608e-01
7.70000e-01	4.45000e-01	-1.05649e-01
7.70000e-01	4.55000e-01	-1.05214e-01
7.70000e-01	4.65000e-01	-1.04309e-01
7.70000e-01	4.75000e-01	-1.02940e-01
7.70000e-01	4.85000e-01	-1.01114e-01
7.70000e-01	4.95000e-01	-9.88327e-02

7.90000e-01	5.00000e-03	-8.14909e-02
7.90000e-01	1.50000e-02	-8.14736e-02
7.90000e-01	2.50000e-02	-7.03248e-02
7.90000e-01	3.50000e-02	-5.95726e-02
7.90000e-01	4.50000e-02	-5.05607e-02
7.90000e-01	5.50000e-02	-4.30466e-02
7.90000e-01	6.50000e-02	-3.68269e-02
7.90000e-01	7.50000e-02	-3.17319e-02
7.90000e-01	8.50000e-02	-2.76201e-02
7.90000e-01	9.50000e-02	-2.43736e-02
7.90000e-01	1.05000e-01	-2.18945e-02
7.90000e-01	1.15000e-01	-2.01014e-02
7.90000e-01	1.25000e-01	-1.89265e-02
7.90000e-01	1.35000e-01	-1.83131e-02
7.90000e-01	1.45000e-01	-1.82137e-02
7.90000e-01	1.55000e-01	-1.85883e-02
7.90000e-01	1.65000e-01	-1.94024e-02
7.90000e-01	1.75000e-01	-2.06260e-02
7.90000e-01	1.85000e-01	-2.22319e-02
7.90000e-01	1.95000e-01	-2.41952e-02
7.90000e-01	2.05000e-01	-2.64916e-02
7.90000e-01	2.15000e-01	-2.90971e-02
7.90000e-01	2.25000e-01	-3.19865e-02
7.90000e-01	2.35000e-01	-3.51335e-02
7.90000e-01	2.45000e-01	-3.85094e-02
7.90000e-01	2.55000e-01	-4.20831e-02
7.90000e-01	2.65000e-01	-4.58209e-02
7.90000e-01	2.75000e-01	-4.96860e-02
7.90000e-01	2.85000e-01	-5.36391e-02
7.90000e-01	2.95000e-01	-5.76386e-02
7.90000e-01	3.05000e-01	-6.16406e-02
7.90000e-01	3.15000e-01	-6.56004e-02
7.90000e-01	3.25000e-01	-6.94724e-02
7.90000e-01	3.35000e-01	-7.32118e-02
7.90000e-01	3.45000e-01	-7.67750e-02
7.90000e-01	3.55000e-01	-8.01205e-02
7.90000e-01	3.65000e-01	-8.32102e-02
7.90000e-01	3.75000e-01	-8.60100e-02
7.90000e-01	3.85000e-01	-8.84902e-02
7.90000e-01	3.95000e-01	-9.06262e-02
7.90000e-01	4.05000e-01	-9.23988e-02
7.90000e-01	4.15000e-01	-9.37937e-02
7.90000e-01	4.25000e-01	-9.48020e-02
7.90000e-01	4.35000e-01	-9.54190e-02
7.90000e-01	4.45000e-01	-9.56439e-02
7.90000e-01	4.55000e-01	-9.54787e-02
7.90000e-01	4.65000e-01	-9.49272e-02
7.90000e-01	4.75000e-01	-9.39934e-02
7.90000e-01	4.85000e-01	-9.26802e-02
7.90000e-01	4.95000e-01	-9.09879e-02

8.10000e-01	5.00000e-03	-8.03420e-02
8.10000e-01	1.50000e-02	-8.03252e-02
8.10000e-01	2.50000e-02	-6.96613e-02
8.10000e-01	3.50000e-02	-5.91974e-02
8.10000e-01	4.50000e-02	-5.03309e-02
8.10000e-01	5.50000e-02	-4.28604e-02
8.10000e-01	6.50000e-02	-3.66133e-02
8.10000e-01	7.50000e-02	-3.14425e-02
8.10000e-01	8.50000e-02	-2.72229e-02
8.10000e-01	9.50000e-02	-2.38484e-02
8.10000e-01	1.05000e-01	-2.12292e-02
8.10000e-01	1.15000e-01	-1.92888e-02
8.10000e-01	1.25000e-01	-1.79624e-02
8.10000e-01	1.35000e-01	-1.71941e-02
8.10000e-01	1.45000e-01	-1.69363e-02
8.10000e-01	1.55000e-01	-1.71472e-02
8.10000e-01	1.65000e-01	-1.77901e-02
8.10000e-01	1.75000e-01	-1.88321e-02
8.10000e-01	1.85000e-01	-2.02431e-02
8.10000e-01	1.95000e-01	-2.19950e-02
8.10000e-01	2.05000e-01	-2.40605e-02
8.10000e-01	2.15000e-01	-2.64131e-02
8.10000e-01	2.25000e-01	-2.90259e-02
8.10000e-01	2.35000e-01	-3.18713e-02
8.10000e-01	2.45000e-01	-3.49205e-02
8.10000e-01	2.55000e-01	-3.81433e-02
8.10000e-01	2.65000e-01	-4.15080e-02
8.10000e-01	2.75000e-01	-4.49812e-02
8.10000e-01	2.85000e-01	-4.85277e-02
8.10000e-01	2.95000e-01	-5.21114e-02
8.10000e-01	3.05000e-01	-5.56948e-02
8.10000e-01	3.15000e-01	-5.92403e-02
8.10000e-01	3.25000e-01	-6.27099e-02
8.10000e-01	3.35000e-01	-6.60665e-02
8.10000e-01	3.45000e-01	-6.92741e-02
8.10000e-01	3.55000e-01	-7.22988e-02
8.10000e-01	3.65000e-01	-7.51089e-02
8.10000e-01	3.75000e-01	-7.76761e-02
8.10000e-01	3.85000e-01	-7.99752e-02
8.10000e-01	3.95000e-01	-8.19851e-02
8.10000e-01	4.05000e-01	-8.36889e-02
8.10000e-01	4.15000e-01	-8.50737e-02
8.10000e-01	4.25000e-01	-8.61312e-02
8.10000e-01	4.35000e-01	-8.68569e-02
8.10000e-01	4.45000e-01	-8.72504e-02
8.10000e-01	4.55000e-01	-8.73144e-02
8.10000e-01	4.65000e-01	-8.70545e-02
8.10000e-01	4.75000e-01	-8.64776e-02
8.10000e-01	4.85000e-01	-8.55907e-02
8.10000e-01	4.95000e-01	-8.43995e-02

8.30000e-01	5.00000e-03	-7.74603e-02
8.30000e-01	1.50000e-02	-7.74437e-02
8.30000e-01	2.50000e-02	-6.72588e-02
8.30000e-01	3.50000e-02	-5.71409e-02
8.30000e-01	4.50000e-02	-4.84795e-02
8.30000e-01	5.50000e-02	-4.11080e-02
8.30000e-01	6.50000e-02	-3.48812e-02
8.30000e-01	7.50000e-02	-2.96733e-02
8.30000e-01	8.50000e-02	-2.53759e-02
8.30000e-01	9.50000e-02	-2.18955e-02
8.30000e-01	1.05000e-01	-1.91519e-02
8.30000e-01	1.15000e-01	-1.70756e-02
8.30000e-01	1.25000e-01	-1.56065e-02
8.30000e-01	1.35000e-01	-1.46920e-02
8.30000e-01	1.45000e-01	-1.42856e-02
8.30000e-01	1.55000e-01	-1.43463e-02
8.30000e-01	1.65000e-01	-1.48366e-02
8.30000e-01	1.75000e-01	-1.57226e-02
8.30000e-01	1.85000e-01	-1.69726e-02
8.30000e-01	1.95000e-01	-1.85566e-02
8.30000e-01	2.05000e-01	-2.04459e-02
8.30000e-01	2.15000e-01	-2.26124e-02
8.30000e-01	2.25000e-01	-2.50283e-02
8.30000e-01	2.35000e-01	-2.76653e-02
8.30000e-01	2.45000e-01	-3.04950e-02
8.30000e-01	2.55000e-01	-3.34880e-02
8.30000e-01	2.65000e-01	-3.66144e-02
8.30000e-01	2.75000e-01	-3.98429e-02
8.30000e-01	2.85000e-01	-4.31418e-02
8.30000e-01	2.95000e-01	-4.64784e-02
8.30000e-01	3.05000e-01	-4.98194e-02
8.30000e-01	3.15000e-01	-5.31314e-02
8.30000e-01	3.25000e-01	-5.63810e-02
8.30000e-01	3.35000e-01	-5.95352e-02
8.30000e-01	3.45000e-01	-6.25618e-02
8.30000e-01	3.55000e-01	-6.54300e-02
8.30000e-01	3.65000e-01	-6.81105e-02
8.30000e-01	3.75000e-01	-7.05765e-02
8.30000e-01	3.85000e-01	-7.28035e-02
8.30000e-01	3.95000e-01	-7.47703e-02
8.30000e-01	4.05000e-01	-7.64592e-02
8.30000e-01	4.15000e-01	-7.78568e-02
8.30000e-01	4.25000e-01	-7.89539e-02
8.30000e-01	4.35000e-01	-7.97467e-02
8.30000e-01	4.45000e-01	-8.02367e-02
8.30000e-01	4.55000e-01	-8.04305e-02
8.30000e-01	4.65000e-01	-8.03404e-02
8.30000e-01	4.75000e-01	-7.99829e-02
8.30000e-01	4.85000e-01	-7.93777e-02
8.30000e-01	4.95000e-01	-7.85456e-02

8.50000e-01	5.00000e-03	-7.28477e-02
8.50000e-01	1.50000e-02	-7.28310e-02
8.50000e-01	2.50000e-02	-6.30905e-02
8.50000e-01	3.50000e-02	-5.33563e-02
8.50000e-01	4.50000e-02	-4.49453e-02
8.50000e-01	5.50000e-02	-3.77184e-02
8.50000e-01	6.50000e-02	-3.15537e-02
8.50000e-01	7.50000e-02	-2.63448e-02
8.50000e-01	8.50000e-02	-2.19996e-02
8.50000e-01	9.50000e-02	-1.84386e-02
8.50000e-01	1.05000e-01	-1.55924e-02
8.50000e-01	1.15000e-01	-1.34006e-02
8.50000e-01	1.25000e-01	-1.18098e-02
8.50000e-01	1.35000e-01	-1.07723e-02
8.50000e-01	1.45000e-01	-1.02452e-02
8.50000e-01	1.55000e-01	-1.01890e-02
8.50000e-01	1.65000e-01	-1.05674e-02
8.50000e-01	1.75000e-01	-1.13463e-02
8.50000e-01	1.85000e-01	-1.24934e-02
8.50000e-01	1.95000e-01	-1.39778e-02
8.50000e-01	2.05000e-01	-1.57699e-02
8.50000e-01	2.15000e-01	-1.78406e-02
8.50000e-01	2.25000e-01	-2.01611e-02
8.50000e-01	2.35000e-01	-2.27031e-02
8.50000e-01	2.45000e-01	-2.54380e-02
8.50000e-01	2.55000e-01	-2.83371e-02
8.50000e-01	2.65000e-01	-3.13713e-02
8.50000e-01	2.75000e-01	-3.45108e-02
8.50000e-01	2.85000e-01	-3.77256e-02
8.50000e-01	2.95000e-01	-4.09849e-02
8.50000e-01	3.05000e-01	-4.42573e-02
8.50000e-01	3.15000e-01	-4.75113e-02
8.50000e-01	3.25000e-01	-5.07147e-02
8.50000e-01	3.35000e-01	-5.38352e-02
8.50000e-01	3.45000e-01	-5.68409e-02
8.50000e-01	3.55000e-01	-5.96999e-02
8.50000e-01	3.65000e-01	-6.23811e-02
8.50000e-01	3.75000e-01	-6.48546e-02
8.50000e-01	3.85000e-01	-6.70924e-02
8.50000e-01	3.95000e-01	-6.90690e-02
8.50000e-01	4.05000e-01	-7.07623e-02
8.50000e-01	4.15000e-01	-7.21549e-02
8.50000e-01	4.25000e-01	-7.32355e-02
8.50000e-01	4.35000e-01	-7.39998e-02
8.50000e-01	4.45000e-01	-7.44521e-02
8.50000e-01	4.55000e-01	-7.46065e-02
8.50000e-01	4.65000e-01	-7.44874e-02
8.50000e-01	4.75000e-01	-7.41289e-02
8.50000e-01	4.85000e-01	-7.35744e-02
8.50000e-01	4.95000e-01	-7.28733e-02

8.70000e-01	5.00000e-03	-6.63895e-02
8.70000e-01	1.50000e-02	-6.63722e-02
8.70000e-01	2.50000e-02	-5.70423e-02
8.70000e-01	3.50000e-02	-4.77295e-02
8.70000e-01	4.50000e-02	-3.96106e-02
8.70000e-01	5.50000e-02	-3.25671e-02
8.70000e-01	6.50000e-02	-2.64967e-02
8.70000e-01	7.50000e-02	-2.13120e-02
8.70000e-01	8.50000e-02	-1.69383e-02
8.70000e-01	9.50000e-02	-1.33120e-02
8.70000e-01	1.05000e-01	-1.03775e-02
8.70000e-01	1.15000e-01	-8.08604e-03
8.70000e-01	1.25000e-01	-6.39352e-03
8.70000e-01	1.35000e-01	-5.25946e-03
8.70000e-01	1.45000e-01	-4.64597e-03
8.70000e-01	1.55000e-01	-4.51705e-03
8.70000e-01	1.65000e-01	-4.83817e-03
8.70000e-01	1.75000e-01	-5.57596e-03
8.70000e-01	1.85000e-01	-6.69804e-03
8.70000e-01	1.95000e-01	-8.17288e-03
8.70000e-01	2.05000e-01	-9.96970e-03
8.70000e-01	2.15000e-01	-1.20584e-02
8.70000e-01	2.25000e-01	-1.44093e-02
8.70000e-01	2.35000e-01	-1.69932e-02
8.70000e-01	2.45000e-01	-1.97812e-02
8.70000e-01	2.55000e-01	-2.27444e-02
8.70000e-01	2.65000e-01	-2.58536e-02
8.70000e-01	2.75000e-01	-2.90794e-02
8.70000e-01	2.85000e-01	-3.23921e-02
8.70000e-01	2.95000e-01	-3.57609e-02
8.70000e-01	3.05000e-01	-3.91544e-02
8.70000e-01	3.15000e-01	-4.25400e-02
8.70000e-01	3.25000e-01	-4.58842e-02
8.70000e-01	3.35000e-01	-4.91519e-02
8.70000e-01	3.45000e-01	-5.23071e-02
8.70000e-01	3.55000e-01	-5.53127e-02
8.70000e-01	3.65000e-01	-5.81306e-02
8.70000e-01	3.75000e-01	-6.07228e-02
8.70000e-01	3.85000e-01	-6.30519e-02
8.70000e-01	3.95000e-01	-6.50822e-02
8.70000e-01	4.05000e-01	-6.67818e-02
8.70000e-01	4.15000e-01	-6.81242e-02
8.70000e-01	4.25000e-01	-6.90913e-02
8.70000e-01	4.35000e-01	-6.96757e-02
8.70000e-01	4.45000e-01	-6.98843e-02
8.70000e-01	4.55000e-01	-6.97403e-02
8.70000e-01	4.65000e-01	-6.92859e-02
8.70000e-01	4.75000e-01	-6.85832e-02
8.70000e-01	4.85000e-01	-6.77134e-02
8.70000e-01	4.95000e-01	-6.67738e-02

8.90000e-01	5.00000e-03	-5.78843e-02
8.90000e-01	1.50000e-02	-5.78657e-02
8.90000e-01	2.50000e-02	-4.89492e-02
8.90000e-01	3.50000e-02	-4.01171e-02
8.90000e-01	4.50000e-02	-3.23375e-02
8.90000e-01	5.50000e-02	-2.55077e-02
8.90000e-01	6.50000e-02	-1.95452e-02
8.90000e-01	7.50000e-02	-1.43844e-02
8.90000e-01	8.50000e-02	-9.97263e-03
8.90000e-01	9.50000e-02	-6.26718e-03
8.90000e-01	1.05000e-01	-3.23162e-03
8.90000e-01	1.15000e-01	-8.33284e-04
8.90000e-01	1.25000e-01	9.58696e-04
8.90000e-01	1.35000e-01	2.17470e-03
8.90000e-01	1.45000e-01	2.84539e-03
8.90000e-01	1.55000e-01	3.00207e-03
8.90000e-01	1.65000e-01	2.67669e-03
8.90000e-01	1.75000e-01	1.90171e-03
8.90000e-01	1.85000e-01	7.09823e-04
8.90000e-01	1.95000e-01	-8.66306e-04
8.90000e-01	2.05000e-01	-2.79429e-03
8.90000e-01	2.15000e-01	-5.04221e-03
8.90000e-01	2.25000e-01	-7.57868e-03
8.90000e-01	2.35000e-01	-1.03729e-02
8.90000e-01	2.45000e-01	-1.33945e-02
8.90000e-01	2.55000e-01	-1.66133e-02
8.90000e-01	2.65000e-01	-1.99994e-02
8.90000e-01	2.75000e-01	-2.35224e-02
8.90000e-01	2.85000e-01	-2.71512e-02
8.90000e-01	2.95000e-01	-3.08535e-02
8.90000e-01	3.05000e-01	-3.45957e-02
8.90000e-01	3.15000e-01	-3.83418e-02
8.90000e-01	3.25000e-01	-4.20534e-02
8.90000e-01	3.35000e-01	-4.56892e-02
8.90000e-01	3.45000e-01	-4.92047e-02
8.90000e-01	3.55000e-01	-5.25520e-02
8.90000e-01	3.65000e-01	-5.56801e-02
8.90000e-01	3.75000e-01	-5.85357e-02
8.90000e-01	3.85000e-01	-6.10639e-02
8.90000e-01	3.95000e-01	-6.32104e-02
8.90000e-01	4.05000e-01	-6.49242e-02
8.90000e-01	4.15000e-01	-6.61606e-02
8.90000e-01	4.25000e-01	-6.68861e-02
8.90000e-01	4.35000e-01	-6.70833e-02
8.90000e-01	4.45000e-01	-6.67564e-02
8.90000e-01	4.55000e-01	-6.59374e-02
8.90000e-01	4.65000e-01	-6.46905e-02
8.90000e-01	4.75000e-01	-6.31163e-02
8.90000e-01	4.85000e-01	-6.13524e-02
8.90000e-01	4.95000e-01	-5.95711e-02

9.10000e-01	5.00000e-03	-4.71176e-02
9.10000e-01	1.50000e-02	-4.70970e-02
9.10000e-01	2.50000e-02	-3.86788e-02
9.10000e-01	3.50000e-02	-3.04283e-02
9.10000e-01	4.50000e-02	-2.30410e-02
9.10000e-01	5.50000e-02	-1.64328e-02
9.10000e-01	6.50000e-02	-1.05487e-02
9.10000e-01	7.50000e-02	-5.35548e-03
9.10000e-01	8.50000e-02	-8.34359e-04
9.10000e-01	9.50000e-02	3.02547e-03
9.10000e-01	1.05000e-01	6.23196e-03
9.10000e-01	1.15000e-01	8.79393e-03
9.10000e-01	1.25000e-01	1.07234e-02
9.10000e-01	1.35000e-01	1.20367e-02
9.10000e-01	1.45000e-01	1.27549e-02
9.10000e-01	1.55000e-01	1.29037e-02
9.10000e-01	1.65000e-01	1.25124e-02
9.10000e-01	1.75000e-01	1.16130e-02
9.10000e-01	1.85000e-01	1.02397e-02
9.10000e-01	1.95000e-01	8.42771e-03
9.10000e-01	2.05000e-01	6.21248e-03
9.10000e-01	2.15000e-01	3.62925e-03
9.10000e-01	2.25000e-01	7.12661e-04
9.10000e-01	2.35000e-01	-2.50347e-03
9.10000e-01	2.45000e-01	-5.98609e-03
9.10000e-01	2.55000e-01	-9.70270e-03
9.10000e-01	2.65000e-01	-1.36210e-02
9.10000e-01	2.75000e-01	-1.77084e-02
9.10000e-01	2.85000e-01	-2.19312e-02
9.10000e-01	2.95000e-01	-2.62539e-02
9.10000e-01	3.05000e-01	-3.06385e-02
9.10000e-01	3.15000e-01	-3.50432e-02
9.10000e-01	3.25000e-01	-3.94217e-02
9.10000e-01	3.35000e-01	-4.37221e-02
9.10000e-01	3.45000e-01	-4.78862e-02
9.10000e-01	3.55000e-01	-5.18492e-02
9.10000e-01	3.65000e-01	-5.55391e-02
9.10000e-01	3.75000e-01	-5.88777e-02
9.10000e-01	3.85000e-01	-6.17816e-02
9.10000e-01	3.95000e-01	-6.41649e-02
9.10000e-01	4.05000e-01	-6.59428e-02
9.10000e-01	4.15000e-01	-6.70370e-02
9.10000e-01	4.25000e-01	-6.73827e-02
9.10000e-01	4.35000e-01	-6.69372e-02
9.10000e-01	4.45000e-01	-6.56897e-02
9.10000e-01	4.55000e-01	-6.36721e-02
9.10000e-01	4.65000e-01	-6.09693e-02
9.10000e-01	4.75000e-01	-5.77283e-02
9.10000e-01	4.85000e-01	-5.41631e-02
9.10000e-01	4.95000e-01	-5.05560e-02

9.30000e-01	5.00000e-03	-3.40191e-02
9.30000e-01	1.50000e-02	-3.39956e-02
9.30000e-01	2.50000e-02	-2.63001e-02
9.30000e-01	3.50000e-02	-1.87802e-02
9.30000e-01	4.50000e-02	-1.18194e-02
9.30000e-01	5.50000e-02	-5.37159e-03
9.30000e-01	6.50000e-02	5.64830e-04
9.30000e-01	7.50000e-02	5.96398e-03
9.30000e-01	8.50000e-02	1.07867e-02
9.30000e-01	9.50000e-02	1.49916e-02
9.30000e-01	1.05000e-01	1.85425e-02
9.30000e-01	1.15000e-01	2.14130e-02
9.30000e-01	1.25000e-01	2.35888e-02
9.30000e-01	1.35000e-01	2.50679e-02
9.30000e-01	1.45000e-01	2.58600e-02
9.30000e-01	1.55000e-01	2.59851e-02
9.30000e-01	1.65000e-01	2.54710e-02
9.30000e-01	1.75000e-01	2.43517e-02
9.30000e-01	1.85000e-01	2.26653e-02
9.30000e-01	1.95000e-01	2.04523e-02
9.30000e-01	2.05000e-01	1.77540e-02
9.30000e-01	2.15000e-01	1.46115e-02
9.30000e-01	2.25000e-01	1.10651e-02
9.30000e-01	2.35000e-01	7.15369e-03
9.30000e-01	2.45000e-01	2.91478e-03
9.30000e-01	2.55000e-01	-1.61513e-03
9.30000e-01	2.65000e-01	-6.40012e-03
9.30000e-01	2.75000e-01	-1.14040e-02
9.30000e-01	2.85000e-01	-1.65892e-02
9.30000e-01	2.95000e-01	-2.19156e-02
9.30000e-01	3.05000e-01	-2.73389e-02
9.30000e-01	3.15000e-01	-3.28090e-02
9.30000e-01	3.25000e-01	-3.82684e-02
9.30000e-01	3.35000e-01	-4.36506e-02
9.30000e-01	3.45000e-01	-4.88779e-02
9.30000e-01	3.55000e-01	-5.38607e-02
9.30000e-01	3.65000e-01	-5.84964e-02
9.30000e-01	3.75000e-01	-6.26695e-02
9.30000e-01	3.85000e-01	-6.62529e-02
9.30000e-01	3.95000e-01	-6.91103e-02
9.30000e-01	4.05000e-01	-7.11018e-02
9.30000e-01	4.15000e-01	-7.20904e-02
9.30000e-01	4.25000e-01	-7.19532e-02
9.30000e-01	4.35000e-01	-7.05937e-02
9.30000e-01	4.45000e-01	-6.79590e-02
9.30000e-01	4.55000e-01	-6.40574e-02
9.30000e-01	4.65000e-01	-5.89784e-02
9.30000e-01	4.75000e-01	-5.29107e-02
9.30000e-01	4.85000e-01	-4.61568e-02
9.30000e-01	4.95000e-01	-3.91417e-02

9.50000e-01	5.00000e-03	-1.89929e-02
9.50000e-01	1.50000e-02	-1.89657e-02
9.50000e-01	2.50000e-02	-1.24182e-02
9.50000e-01	3.50000e-02	-5.78358e-03
9.50000e-01	4.50000e-02	8.30950e-04
9.50000e-01	5.50000e-02	7.36889e-03
9.50000e-01	6.50000e-02	1.37146e-02
9.50000e-01	7.50000e-02	1.97279e-02
9.50000e-01	8.50000e-02	2.52682e-02
9.50000e-01	9.50000e-02	3.02098e-02
9.50000e-01	1.05000e-01	3.44505e-02
9.50000e-01	1.15000e-01	3.79151e-02
9.50000e-01	1.25000e-01	4.05556e-02
9.50000e-01	1.35000e-01	4.23492e-02
9.50000e-01	1.45000e-01	4.32947e-02
9.50000e-01	1.55000e-01	4.34090e-02
9.50000e-01	1.65000e-01	4.27227e-02
9.50000e-01	1.75000e-01	4.12762e-02
9.50000e-01	1.85000e-01	3.91165e-02
9.50000e-01	1.95000e-01	3.62939e-02
9.50000e-01	2.05000e-01	3.28602e-02
9.50000e-01	2.15000e-01	2.88662e-02
9.50000e-01	2.25000e-01	2.43614e-02
9.50000e-01	2.35000e-01	1.93925e-02
9.50000e-01	2.45000e-01	1.40041e-02
9.50000e-01	2.55000e-01	8.23858e-03
9.50000e-01	2.65000e-01	2.13700e-03
9.50000e-01	2.75000e-01	-4.25956e-03
9.50000e-01	2.85000e-01	-1.09084e-02
9.50000e-01	2.95000e-01	-1.77634e-02
9.50000e-01	3.05000e-01	-2.47725e-02
9.50000e-01	3.15000e-01	-3.18753e-02
9.50000e-01	3.25000e-01	-3.89999e-02
9.50000e-01	3.35000e-01	-4.60605e-02
9.50000e-01	3.45000e-01	-5.29540e-02
9.50000e-01	3.55000e-01	-5.95577e-02
9.50000e-01	3.65000e-01	-6.57268e-02
9.50000e-01	3.75000e-01	-7.12935e-02
9.50000e-01	3.85000e-01	-7.60674e-02
9.50000e-01	3.95000e-01	-7.98378e-02
9.50000e-01	4.05000e-01	-8.23791e-02
9.50000e-01	4.15000e-01	-8.34600e-02
9.50000e-01	4.25000e-01	-8.28569e-02
9.50000e-01	4.35000e-01	-8.03732e-02
9.50000e-01	4.45000e-01	-7.58631e-02
9.50000e-01	4.55000e-01	-6.92619e-02
9.50000e-01	4.65000e-01	-6.06195e-02
9.50000e-01	4.75000e-01	-5.01338e-02
9.50000e-01	4.85000e-01	-3.81797e-02
9.50000e-01	4.95000e-01	-2.53258e-02

9.70000e-01	5.00000e-03	-3.63769e-03
9.70000e-01	1.50000e-02	-3.60592e-03
9.70000e-01	2.50000e-02	1.16103e-03
9.70000e-01	3.50000e-02	6.96023e-03
9.70000e-01	4.50000e-02	1.36997e-02
9.70000e-01	5.50000e-02	2.10463e-02
9.70000e-01	6.50000e-02	2.86319e-02
9.70000e-01	7.50000e-02	3.61058e-02
9.70000e-01	8.50000e-02	4.31625e-02
9.70000e-01	9.50000e-02	4.95533e-02
9.70000e-01	1.05000e-01	5.50887e-02
9.70000e-01	1.15000e-01	5.96356e-02
9.70000e-01	1.25000e-01	6.31110e-02
9.70000e-01	1.35000e-01	6.54746e-02
9.70000e-01	1.45000e-01	6.67209e-02
9.70000e-01	1.55000e-01	6.68716e-02
9.70000e-01	1.65000e-01	6.59684e-02
9.70000e-01	1.75000e-01	6.40665e-02
9.70000e-01	1.85000e-01	6.12295e-02
9.70000e-01	1.95000e-01	5.75252e-02
9.70000e-01	2.05000e-01	5.30217e-02
9.70000e-01	2.15000e-01	4.77856e-02
9.70000e-01	2.25000e-01	4.18798e-02
9.70000e-01	2.35000e-01	3.53631e-02
9.70000e-01	2.45000e-01	2.82900e-02
9.70000e-01	2.55000e-01	2.07112e-02
9.70000e-01	2.65000e-01	1.26750e-02
9.70000e-01	2.75000e-01	4.22882e-03
9.70000e-01	2.85000e-01	-4.57835e-03
9.70000e-01	2.95000e-01	-1.36930e-02
9.70000e-01	3.05000e-01	-2.30540e-02
9.70000e-01	3.15000e-01	-3.25881e-02
9.70000e-01	3.25000e-01	-4.22066e-02
9.70000e-01	3.35000e-01	-5.17998e-02
9.70000e-01	3.45000e-01	-6.12328e-02
9.70000e-01	3.55000e-01	-7.03405e-02
9.70000e-01	3.65000e-01	-7.89237e-02
9.70000e-01	3.75000e-01	-8.67456e-02
9.70000e-01	3.85000e-01	-9.35302e-02
9.70000e-01	3.95000e-01	-9.89633e-02
9.70000e-01	4.05000e-01	-1.02697e-01
9.70000e-01	4.15000e-01	-1.04357e-01
9.70000e-01	4.25000e-01	-1.03564e-01
9.70000e-01	4.35000e-01	-9.99487e-02
9.70000e-01	4.45000e-01	-9.31927e-02
9.70000e-01	4.55000e-01	-8.30693e-02
9.70000e-01	4.65000e-01	-6.95002e-02
9.70000e-01	4.75000e-01	-5.26182e-02
9.70000e-01	4.85000e-01	-3.28245e-02
9.70000e-01	4.95000e-01	-1.08054e-02

9.90000e-01	5.00000e-03	7.54232e-03
9.90000e-01	1.50000e-02	7.57900e-03
9.90000e-01	2.50000e-02	1.00947e-02
9.90000e-01	3.50000e-02	1.60881e-02
9.90000e-01	4.50000e-02	2.45375e-02
9.90000e-01	5.50000e-02	3.44537e-02
9.90000e-01	6.50000e-02	4.50048e-02
9.90000e-01	7.50000e-02	5.55188e-02
9.90000e-01	8.50000e-02	6.54734e-02
9.90000e-01	9.50000e-02	7.44787e-02
9.90000e-01	1.05000e-01	8.22588e-02
9.90000e-01	1.15000e-01	8.86328e-02
9.90000e-01	1.25000e-01	9.34978e-02
9.90000e-01	1.35000e-01	9.68124e-02
9.90000e-01	1.45000e-01	9.85831e-02
9.90000e-01	1.55000e-01	9.88518e-02
9.90000e-01	1.65000e-01	9.76850e-02
9.90000e-01	1.75000e-01	9.51650e-02
9.90000e-01	1.85000e-01	9.13833e-02
9.90000e-01	1.95000e-01	8.64339e-02
9.90000e-01	2.05000e-01	8.04099e-02
9.90000e-01	2.15000e-01	7.34000e-02
9.90000e-01	2.25000e-01	6.54867e-02
9.90000e-01	2.35000e-01	5.67455e-02
9.90000e-01	2.45000e-01	4.72448e-02
9.90000e-01	2.55000e-01	3.70471e-02
9.90000e-01	2.65000e-01	2.62102e-02
9.90000e-01	2.75000e-01	1.47904e-02
9.90000e-01	2.85000e-01	2.84484e-03
9.90000e-01	2.95000e-01	-9.56357e-03
9.90000e-01	3.05000e-01	-2.23620e-02
9.90000e-01	3.15000e-01	-3.54622e-02
9.90000e-01	3.25000e-01	-4.87539e-02
9.90000e-01	3.35000e-01	-6.20985e-02
9.90000e-01	3.45000e-01	-7.53218e-02
9.90000e-01	3.55000e-01	-8.82067e-02
9.90000e-01	3.65000e-01	-1.00486e-01
9.90000e-01	3.75000e-01	-1.11836e-01
9.90000e-01	3.85000e-01	-1.21874e-01
9.90000e-01	3.95000e-01	-1.30151e-01
9.90000e-01	4.05000e-01	-1.36158e-01
9.90000e-01	4.15000e-01	-1.39331e-01
9.90000e-01	4.25000e-01	-1.39062e-01
9.90000e-01	4.35000e-01	-1.34726e-01
9.90000e-01	4.45000e-01	-1.25714e-01
9.90000e-01	4.55000e-01	-1.11490e-01
9.90000e-01	4.65000e-01	-9.16769e-02
9.90000e-01	4.75000e-01	-6.61871e-02
9.90000e-01	4.85000e-01	-3.54201e-02
9.90000e-01	4.95000e-01	-5.75170e-04

